0 10 10 0 0
1 

0 21 12 9 9
1 90 90 0 0
2 

0 31 13 18 18
1 81 18 63 63
2 63 36 27 27
3 72 27 45 45
4 54 45 9 9
5 90 90 0 0
6 

0 41 14 27 27
1 72 27 45 45
2 54 45 9 9
3 90 90 0 0
4 

0 51 15 36 36
1 63 36 27 27
2 72 27 45 45
3 54 45 9 9
4 90 90 0 0
5 

0 61 16 45 45
1 54 45 9 9
2 90 90 0 0
3 

0 71 17 54 54
1 54 45 9 9
2 90 90 0 0
3 

0 81 18 63 63
1 63 36 27 27
2 72 27 45 45
3 54 45 9 9
4 90 90 0 0
5 

0 91 19 72 72
1 72 27 45 45
2 54 45 9 9
3 90 90 0 0
4 

0 20 20 0 0
1 

0 21 12 9 9
1 90 90 0 0
2 

0 32 23 9 9
1 90 90 0 0
2 

0 42 24 18 18
1 81 18 63 63
2 63 36 27 27
3 72 27 45 45
4 54 45 9 9
5 90 90 0 0
6 

0 52 25 27 27
1 72 27 45 45
2 54 45 9 9
3 90 90 0 0
4 

0 62 26 36 36
1 63 36 27 27
2 72 27 45 45
3 54 45 9 9
4 90 90 0 0
5 

0 72 27 45 45
1 54 45 9 9
2 90 90 0 0
3 

0 82 28 54 54
1 54 45 9 9
2 90 90 0 0
3 

0 92 29 63 63
1 63 36 27 27
2 72 27 45 45
3 54 45 9 9
4 90 90 0 0
5 

0 30 30 0 0
1 

0 31 13 18 18
1 81 18 63 63
2 63 36 27 27
3 72 27 45 45
4 54 45 9 9
5 90 90 0 0
6 

0 32 23 9 9
1 90 90 0 0
2 

0 43 34 9 9
1 90 90 0 0
2 

0 53 35 18 18
1 81 18 63 63
2 63 36 27 27
3 72 27 45 45
4 54 45 9 9
5 90 90 0 0
6 

0 63 36 27 27
1 72 27 45 45
2 54 45 9 9
3 90 90 0 0
4 

0 73 37 36 36
1 63 36 27 27
2 72 27 45 45
3 54 45 9 9
4 90 90 0 0
5 

0 83 38 45 45
1 54 45 9 9
2 90 90 0 0
3 

0 93 39 54 54
1 54 45 9 9
2 90 90 0 0
3 

0 40 40 0 0
1 

0 41 14 27 27
1 72 27 45 45
2 54 45 9 9
3 90 90 0 0
4 

0 42 24 18 18
1 81 18 63 63
2 63 36 27 27
3 72 27 45 45
4 54 45 9 9
5 90 90 0 0
6 

0 43 34 9 9
1 90 90 0 0
2 

0 54 45 9 9
1 90 90 0 0
2 

0 64 46 18 18
1 81 18 63 63
2 63 36 27 27
3 72 27 45 45
4 54 45 9 9
5 90 90 0 0
6 

0 74 47 27 27
1 72 27 45 45
2 54 45 9 9
3 90 90 0 0
4 

0 84 48 36 36
1 63 36 27 27
2 72 27 45 45
3 54 45 9 9
4 90 90 0 0
5 

0 94 49 45 45
1 54 45 9 9
2 90 90 0 0
3 

0 50 50 0 0
1 

0 51 15 36 36
1 63 36 27 27
2 72 27 45 45
3 54 45 9 9
4 90 90 0 0
5 

0 52 25 27 27
1 72 27 45 45
2 54 45 9 9
3 90 90 0 0
4 

0 53 35 18 18
1 81 18 63 63
2 63 36 27 27
3 72 27 45 45
4 54 45 9 9
5 90 90 0 0
6 

0 54 45 9 9
1 90 90 0 0
2 

0 65 56 9 9
1 90 90 0 0
2 

0 75 57 18 18
1 81 18 63 63
2 63 36 27 27
3 72 27 45 45
4 54 45 9 9
5 90 90 0 0
6 

0 85 58 27 27
1 72 27 45 45
2 54 45 9 9
3 90 90 0 0
4 

0 95 59 36 36
1 63 36 27 27
2 72 27 45 45
3 54 45 9 9
4 90 90 0 0
5 

0 60 60 0 0
1 

0 61 16 45 45
1 54 45 9 9
2 90 90 0 0
3 

0 62 26 36 36
1 63 36 27 27
2 72 27 45 45
3 54 45 9 9
4 90 90 0 0
5 

0 63 36 27 27
1 72 27 45 45
2 54 45 9 9
3 90 90 0 0
4 

0 64 46 18 18
1 81 18 63 63
2 63 36 27 27
3 72 27 45 45
4 54 45 9 9
5 90 90 0 0
6 

0 65 56 9 9
1 90 90 0 0
2 

0 76 67 9 9
1 90 90 0 0
2 

0 86 68 18 18
1 81 18 63 63
2 63 36 27 27
3 72 27 45 45
4 54 45 9 9
5 90 90 0 0
6 

0 96 69 27 27
1 72 27 45 45
2 54 45 9 9
3 90 90 0 0
4 

0 70 70 0 0
1 

0 71 17 54 54
1 54 45 9 9
2 90 90 0 0
3 

0 72 27 45 45
1 54 45 9 9
2 90 90 0 0
3 

0 73 37 36 36
1 63 36 27 27
2 72 27 45 45
3 54 45 9 9
4 90 90 0 0
5 

0 74 47 27 27
1 72 27 45 45
2 54 45 9 9
3 90 90 0 0
4 

0 75 57 18 18
1 81 18 63 63
2 63 36 27 27
3 72 27 45 45
4 54 45 9 9
5 90 90 0 0
6 

0 76 67 9 9
1 90 90 0 0
2 

0 87 78 9 9
1 90 90 0 0
2 

0 97 79 18 18
1 81 18 63 63
2 63 36 27 27
3 72 27 45 45
4 54 45 9 9
5 90 90 0 0
6 

0 80 80 0 0
1 

0 81 18 63 63
1 63 36 27 27
2 72 27 45 45
3 54 45 9 9
4 90 90 0 0
5 

0 82 28 54 54
1 54 45 9 9
2 90 90 0 0
3 

0 83 38 45 45
1 54 45 9 9
2 90 90 0 0
3 

0 84 48 36 36
1 63 36 27 27
2 72 27 45 45
3 54 45 9 9
4 90 90 0 0
5 

0 85 58 27 27
1 72 27 45 45
2 54 45 9 9
3 90 90 0 0
4 

0 86 68 18 18
1 81 18 63 63
2 63 36 27 27
3 72 27 45 45
4 54 45 9 9
5 90 90 0 0
6 

0 87 78 9 9
1 90 90 0 0
2 

0 98 89 9 9
1 90 90 0 0
2 

0 90 90 0 0
1 

0 91 19 72 72
1 72 27 45 45
2 54 45 9 9
3 90 90 0 0
4 

0 92 29 63 63
1 63 36 27 27
2 72 27 45 45
3 54 45 9 9
4 90 90 0 0
5 

0 93 39 54 54
1 54 45 9 9
2 90 90 0 0
3 

0 94 49 45 45
1 54 45 9 9
2 90 90 0 0
3 

0 95 59 36 36
1 63 36 27 27
2 72 27 45 45
3 54 45 9 9
4 90 90 0 0
5 

0 96 69 27 27
1 72 27 45 45
2 54 45 9 9
3 90 90 0 0
4 

0 97 79 18 18
1 81 18 63 63
2 63 36 27 27
3 72 27 45 45
4 54 45 9 9
5 90 90 0 0
6 

0 98 89 9 9
1 90 90 0 0
2 

{0: 1, 9: 2, 18: 6, 27: 4, 36: 5, 45: 3}
1 [(0, 1)]
2 [(9, 2)]
3 [(45, 3)]
4 [(27, 4)]
5 [(36, 5)]
6 [(18, 6)]
