0 100 100 0 0
1 

0 110 101 9 9
1 900 900 0 0
2 

0 210 102 108 108
1 810 108 702 702
2 720 207 513 513
3 531 135 396 396
4 963 369 594 594
5 

0 310 103 207 207
1 720 207 513 513
2 531 135 396 396
3 963 369 594 594
4 

0 410 104 306 306
1 630 306 324 324
2 432 234 198 198
3 981 189 792 792
4 972 279 693 693
5 963 369 594 594
6 

0 510 105 405 405
1 540 405 135 135
2 531 135 396 396
3 963 369 594 594
4 

0 610 106 504 504
1 540 405 135 135
2 531 135 396 396
3 963 369 594 594
4 

0 710 107 603 603
1 630 306 324 324
2 432 234 198 198
3 981 189 792 792
4 972 279 693 693
5 963 369 594 594
6 

0 810 108 702 702
1 720 207 513 513
2 531 135 396 396
3 963 369 594 594
4 

0 910 109 801 801
1 810 108 702 702
2 720 207 513 513
3 531 135 396 396
4 963 369 594 594
5 

0 110 101 9 9
1 900 900 0 0
2 

0 211 112 99 99
1 990 909 81 81
2 810 108 702 702
3 720 207 513 513
4 531 135 396 396
5 963 369 594 594
6 

0 311 113 198 198
1 981 189 792 792
2 972 279 693 693
3 963 369 594 594
4 

0 411 114 297 297
1 972 279 693 693
2 963 369 594 594
3 

0 511 115 396 396
1 963 369 594 594
2 

0 611 116 495 495
1 

0 711 117 594 594
1 

0 811 118 693 693
1 963 369 594 594
2 

0 911 119 792 792
1 972 279 693 693
2 963 369 594 594
3 

0 210 102 108 108
1 810 108 702 702
2 720 207 513 513
3 531 135 396 396
4 963 369 594 594
5 

0 211 112 99 99
1 990 909 81 81
2 810 108 702 702
3 720 207 513 513
4 531 135 396 396
5 963 369 594 594
6 

0 221 122 99 99
1 990 909 81 81
2 810 108 702 702
3 720 207 513 513
4 531 135 396 396
5 963 369 594 594
6 

0 321 123 198 198
1 981 189 792 792
2 972 279 693 693
3 963 369 594 594
4 

0 421 124 297 297
1 972 279 693 693
2 963 369 594 594
3 

0 521 125 396 396
1 963 369 594 594
2 

0 621 126 495 495
1 

0 721 127 594 594
1 

0 821 128 693 693
1 963 369 594 594
2 

0 921 129 792 792
1 972 279 693 693
2 963 369 594 594
3 

0 310 103 207 207
1 720 207 513 513
2 531 135 396 396
3 963 369 594 594
4 

0 311 113 198 198
1 981 189 792 792
2 972 279 693 693
3 963 369 594 594
4 

0 321 123 198 198
1 981 189 792 792
2 972 279 693 693
3 963 369 594 594
4 

0 331 133 198 198
1 981 189 792 792
2 972 279 693 693
3 963 369 594 594
4 

0 431 134 297 297
1 972 279 693 693
2 963 369 594 594
3 

0 531 135 396 396
1 963 369 594 594
2 

0 631 136 495 495
1 

0 731 137 594 594
1 

0 831 138 693 693
1 963 369 594 594
2 

0 931 139 792 792
1 972 279 693 693
2 963 369 594 594
3 

0 410 104 306 306
1 630 306 324 324
2 432 234 198 198
3 981 189 792 792
4 972 279 693 693
5 963 369 594 594
6 

0 411 114 297 297
1 972 279 693 693
2 963 369 594 594
3 

0 421 124 297 297
1 972 279 693 693
2 963 369 594 594
3 

0 431 134 297 297
1 972 279 693 693
2 963 369 594 594
3 

0 441 144 297 297
1 972 279 693 693
2 963 369 594 594
3 

0 541 145 396 396
1 963 369 594 594
2 

0 641 146 495 495
1 

0 741 147 594 594
1 

0 841 148 693 693
1 963 369 594 594
2 

0 941 149 792 792
1 972 279 693 693
2 963 369 594 594
3 

0 510 105 405 405
1 540 405 135 135
2 531 135 396 396
3 963 369 594 594
4 

0 511 115 396 396
1 963 369 594 594
2 

0 521 125 396 396
1 963 369 594 594
2 

0 531 135 396 396
1 963 369 594 594
2 

0 541 145 396 396
1 963 369 594 594
2 

0 551 155 396 396
1 963 369 594 594
2 

0 651 156 495 495
1 

0 751 157 594 594
1 

0 851 158 693 693
1 963 369 594 594
2 

0 951 159 792 792
1 972 279 693 693
2 963 369 594 594
3 

0 610 106 504 504
1 540 405 135 135
2 531 135 396 396
3 963 369 594 594
4 

0 611 116 495 495
1 

0 621 126 495 495
1 

0 631 136 495 495
1 

0 641 146 495 495
1 

0 651 156 495 495
1 

0 661 166 495 495
1 

0 761 167 594 594
1 

0 861 168 693 693
1 963 369 594 594
2 

0 961 169 792 792
1 972 279 693 693
2 963 369 594 594
3 

0 710 107 603 603
1 630 306 324 324
2 432 234 198 198
3 981 189 792 792
4 972 279 693 693
5 963 369 594 594
6 

0 711 117 594 594
1 

0 721 127 594 594
1 

0 731 137 594 594
1 

0 741 147 594 594
1 

0 751 157 594 594
1 

0 761 167 594 594
1 

0 771 177 594 594
1 

0 871 178 693 693
1 963 369 594 594
2 

0 971 179 792 792
1 972 279 693 693
2 963 369 594 594
3 

0 810 108 702 702
1 720 207 513 513
2 531 135 396 396
3 963 369 594 594
4 

0 811 118 693 693
1 963 369 594 594
2 

0 821 128 693 693
1 963 369 594 594
2 

0 831 138 693 693
1 963 369 594 594
2 

0 841 148 693 693
1 963 369 594 594
2 

0 851 158 693 693
1 963 369 594 594
2 

0 861 168 693 693
1 963 369 594 594
2 

0 871 178 693 693
1 963 369 594 594
2 

0 881 188 693 693
1 963 369 594 594
2 

0 981 189 792 792
1 972 279 693 693
2 963 369 594 594
3 

0 910 109 801 801
1 810 108 702 702
2 720 207 513 513
3 531 135 396 396
4 963 369 594 594
5 

0 911 119 792 792
1 972 279 693 693
2 963 369 594 594
3 

0 921 129 792 792
1 972 279 693 693
2 963 369 594 594
3 

0 931 139 792 792
1 972 279 693 693
2 963 369 594 594
3 

0 941 149 792 792
1 972 279 693 693
2 963 369 594 594
3 

0 951 159 792 792
1 972 279 693 693
2 963 369 594 594
3 

0 961 169 792 792
1 972 279 693 693
2 963 369 594 594
3 

0 971 179 792 792
1 972 279 693 693
2 963 369 594 594
3 

0 981 189 792 792
1 972 279 693 693
2 963 369 594 594
3 

0 991 199 792 792
1 972 279 693 693
2 963 369 594 594
3 

0 200 200 0 0
1 

0 210 102 108 108
1 810 108 702 702
2 720 207 513 513
3 531 135 396 396
4 963 369 594 594
5 

0 220 202 18 18
1 810 108 702 702
2 720 207 513 513
3 531 135 396 396
4 963 369 594 594
5 

0 320 203 117 117
1 711 117 594 594
2 

0 420 204 216 216
1 621 126 495 495
2 

0 520 205 315 315
1 531 135 396 396
2 963 369 594 594
3 

0 620 206 414 414
1 441 144 297 297
2 972 279 693 693
3 963 369 594 594
4 

0 720 207 513 513
1 531 135 396 396
2 963 369 594 594
3 

0 820 208 612 612
1 621 126 495 495
2 

0 920 209 711 711
1 711 117 594 594
2 

0 210 102 108 108
1 810 108 702 702
2 720 207 513 513
3 531 135 396 396
4 963 369 594 594
5 

0 211 112 99 99
1 990 909 81 81
2 810 108 702 702
3 720 207 513 513
4 531 135 396 396
5 963 369 594 594
6 

0 221 122 99 99
1 990 909 81 81
2 810 108 702 702
3 720 207 513 513
4 531 135 396 396
5 963 369 594 594
6 

0 321 123 198 198
1 981 189 792 792
2 972 279 693 693
3 963 369 594 594
4 

0 421 124 297 297
1 972 279 693 693
2 963 369 594 594
3 

0 521 125 396 396
1 963 369 594 594
2 

0 621 126 495 495
1 

0 721 127 594 594
1 

0 821 128 693 693
1 963 369 594 594
2 

0 921 129 792 792
1 972 279 693 693
2 963 369 594 594
3 

0 220 202 18 18
1 810 108 702 702
2 720 207 513 513
3 531 135 396 396
4 963 369 594 594
5 

0 221 122 99 99
1 990 909 81 81
2 810 108 702 702
3 720 207 513 513
4 531 135 396 396
5 963 369 594 594
6 

0 322 223 99 99
1 990 909 81 81
2 810 108 702 702
3 720 207 513 513
4 531 135 396 396
5 963 369 594 594
6 

0 422 224 198 198
1 981 189 792 792
2 972 279 693 693
3 963 369 594 594
4 

0 522 225 297 297
1 972 279 693 693
2 963 369 594 594
3 

0 622 226 396 396
1 963 369 594 594
2 

0 722 227 495 495
1 

0 822 228 594 594
1 

0 922 229 693 693
1 963 369 594 594
2 

0 320 203 117 117
1 711 117 594 594
2 

0 321 123 198 198
1 981 189 792 792
2 972 279 693 693
3 963 369 594 594
4 

0 322 223 99 99
1 990 909 81 81
2 810 108 702 702
3 720 207 513 513
4 531 135 396 396
5 963 369 594 594
6 

0 332 233 99 99
1 990 909 81 81
2 810 108 702 702
3 720 207 513 513
4 531 135 396 396
5 963 369 594 594
6 

0 432 234 198 198
1 981 189 792 792
2 972 279 693 693
3 963 369 594 594
4 

0 532 235 297 297
1 972 279 693 693
2 963 369 594 594
3 

0 632 236 396 396
1 963 369 594 594
2 

0 732 237 495 495
1 

0 832 238 594 594
1 

0 932 239 693 693
1 963 369 594 594
2 

0 420 204 216 216
1 621 126 495 495
2 

0 421 124 297 297
1 972 279 693 693
2 963 369 594 594
3 

0 422 224 198 198
1 981 189 792 792
2 972 279 693 693
3 963 369 594 594
4 

0 432 234 198 198
1 981 189 792 792
2 972 279 693 693
3 963 369 594 594
4 

0 442 244 198 198
1 981 189 792 792
2 972 279 693 693
3 963 369 594 594
4 

0 542 245 297 297
1 972 279 693 693
2 963 369 594 594
3 

0 642 246 396 396
1 963 369 594 594
2 

0 742 247 495 495
1 

0 842 248 594 594
1 

0 942 249 693 693
1 963 369 594 594
2 

0 520 205 315 315
1 531 135 396 396
2 963 369 594 594
3 

0 521 125 396 396
1 963 369 594 594
2 

0 522 225 297 297
1 972 279 693 693
2 963 369 594 594
3 

0 532 235 297 297
1 972 279 693 693
2 963 369 594 594
3 

0 542 245 297 297
1 972 279 693 693
2 963 369 594 594
3 

0 552 255 297 297
1 972 279 693 693
2 963 369 594 594
3 

0 652 256 396 396
1 963 369 594 594
2 

0 752 257 495 495
1 

0 852 258 594 594
1 

0 952 259 693 693
1 963 369 594 594
2 

0 620 206 414 414
1 441 144 297 297
2 972 279 693 693
3 963 369 594 594
4 

0 621 126 495 495
1 

0 622 226 396 396
1 963 369 594 594
2 

0 632 236 396 396
1 963 369 594 594
2 

0 642 246 396 396
1 963 369 594 594
2 

0 652 256 396 396
1 963 369 594 594
2 

0 662 266 396 396
1 963 369 594 594
2 

0 762 267 495 495
1 

0 862 268 594 594
1 

0 962 269 693 693
1 963 369 594 594
2 

0 720 207 513 513
1 531 135 396 396
2 963 369 594 594
3 

0 721 127 594 594
1 

0 722 227 495 495
1 

0 732 237 495 495
1 

0 742 247 495 495
1 

0 752 257 495 495
1 

0 762 267 495 495
1 

0 772 277 495 495
1 

0 872 278 594 594
1 

0 972 279 693 693
1 963 369 594 594
2 

0 820 208 612 612
1 621 126 495 495
2 

0 821 128 693 693
1 963 369 594 594
2 

0 822 228 594 594
1 

0 832 238 594 594
1 

0 842 248 594 594
1 

0 852 258 594 594
1 

0 862 268 594 594
1 

0 872 278 594 594
1 

0 882 288 594 594
1 

0 982 289 693 693
1 963 369 594 594
2 

0 920 209 711 711
1 711 117 594 594
2 

0 921 129 792 792
1 972 279 693 693
2 963 369 594 594
3 

0 922 229 693 693
1 963 369 594 594
2 

0 932 239 693 693
1 963 369 594 594
2 

0 942 249 693 693
1 963 369 594 594
2 

0 952 259 693 693
1 963 369 594 594
2 

0 962 269 693 693
1 963 369 594 594
2 

0 972 279 693 693
1 963 369 594 594
2 

0 982 289 693 693
1 963 369 594 594
2 

0 992 299 693 693
1 963 369 594 594
2 

0 300 300 0 0
1 

0 310 103 207 207
1 720 207 513 513
2 531 135 396 396
3 963 369 594 594
4 

0 320 203 117 117
1 711 117 594 594
2 

0 330 303 27 27
1 720 207 513 513
2 531 135 396 396
3 963 369 594 594
4 

0 430 304 126 126
1 621 126 495 495
2 

0 530 305 225 225
1 522 225 297 297
2 972 279 693 693
3 963 369 594 594
4 

0 630 306 324 324
1 432 234 198 198
2 981 189 792 792
3 972 279 693 693
4 963 369 594 594
5 

0 730 307 423 423
1 432 234 198 198
2 981 189 792 792
3 972 279 693 693
4 963 369 594 594
5 

0 830 308 522 522
1 522 225 297 297
2 972 279 693 693
3 963 369 594 594
4 

0 930 309 621 621
1 621 126 495 495
2 

0 310 103 207 207
1 720 207 513 513
2 531 135 396 396
3 963 369 594 594
4 

0 311 113 198 198
1 981 189 792 792
2 972 279 693 693
3 963 369 594 594
4 

0 321 123 198 198
1 981 189 792 792
2 972 279 693 693
3 963 369 594 594
4 

0 331 133 198 198
1 981 189 792 792
2 972 279 693 693
3 963 369 594 594
4 

0 431 134 297 297
1 972 279 693 693
2 963 369 594 594
3 

0 531 135 396 396
1 963 369 594 594
2 

0 631 136 495 495
1 

0 731 137 594 594
1 

0 831 138 693 693
1 963 369 594 594
2 

0 931 139 792 792
1 972 279 693 693
2 963 369 594 594
3 

0 320 203 117 117
1 711 117 594 594
2 

0 321 123 198 198
1 981 189 792 792
2 972 279 693 693
3 963 369 594 594
4 

0 322 223 99 99
1 990 909 81 81
2 810 108 702 702
3 720 207 513 513
4 531 135 396 396
5 963 369 594 594
6 

0 332 233 99 99
1 990 909 81 81
2 810 108 702 702
3 720 207 513 513
4 531 135 396 396
5 963 369 594 594
6 

0 432 234 198 198
1 981 189 792 792
2 972 279 693 693
3 963 369 594 594
4 

0 532 235 297 297
1 972 279 693 693
2 963 369 594 594
3 

0 632 236 396 396
1 963 369 594 594
2 

0 732 237 495 495
1 

0 832 238 594 594
1 

0 932 239 693 693
1 963 369 594 594
2 

0 330 303 27 27
1 720 207 513 513
2 531 135 396 396
3 963 369 594 594
4 

0 331 133 198 198
1 981 189 792 792
2 972 279 693 693
3 963 369 594 594
4 

0 332 233 99 99
1 990 909 81 81
2 810 108 702 702
3 720 207 513 513
4 531 135 396 396
5 963 369 594 594
6 

0 433 334 99 99
1 990 909 81 81
2 810 108 702 702
3 720 207 513 513
4 531 135 396 396
5 963 369 594 594
6 

0 533 335 198 198
1 981 189 792 792
2 972 279 693 693
3 963 369 594 594
4 

0 633 336 297 297
1 972 279 693 693
2 963 369 594 594
3 

0 733 337 396 396
1 963 369 594 594
2 

0 833 338 495 495
1 

0 933 339 594 594
1 

0 430 304 126 126
1 621 126 495 495
2 

0 431 134 297 297
1 972 279 693 693
2 963 369 594 594
3 

0 432 234 198 198
1 981 189 792 792
2 972 279 693 693
3 963 369 594 594
4 

0 433 334 99 99
1 990 909 81 81
2 810 108 702 702
3 720 207 513 513
4 531 135 396 396
5 963 369 594 594
6 

0 443 344 99 99
1 990 909 81 81
2 810 108 702 702
3 720 207 513 513
4 531 135 396 396
5 963 369 594 594
6 

0 543 345 198 198
1 981 189 792 792
2 972 279 693 693
3 963 369 594 594
4 

0 643 346 297 297
1 972 279 693 693
2 963 369 594 594
3 

0 743 347 396 396
1 963 369 594 594
2 

0 843 348 495 495
1 

0 943 349 594 594
1 

0 530 305 225 225
1 522 225 297 297
2 972 279 693 693
3 963 369 594 594
4 

0 531 135 396 396
1 963 369 594 594
2 

0 532 235 297 297
1 972 279 693 693
2 963 369 594 594
3 

0 533 335 198 198
1 981 189 792 792
2 972 279 693 693
3 963 369 594 594
4 

0 543 345 198 198
1 981 189 792 792
2 972 279 693 693
3 963 369 594 594
4 

0 553 355 198 198
1 981 189 792 792
2 972 279 693 693
3 963 369 594 594
4 

0 653 356 297 297
1 972 279 693 693
2 963 369 594 594
3 

0 753 357 396 396
1 963 369 594 594
2 

0 853 358 495 495
1 

0 953 359 594 594
1 

0 630 306 324 324
1 432 234 198 198
2 981 189 792 792
3 972 279 693 693
4 963 369 594 594
5 

0 631 136 495 495
1 

0 632 236 396 396
1 963 369 594 594
2 

0 633 336 297 297
1 972 279 693 693
2 963 369 594 594
3 

0 643 346 297 297
1 972 279 693 693
2 963 369 594 594
3 

0 653 356 297 297
1 972 279 693 693
2 963 369 594 594
3 

0 663 366 297 297
1 972 279 693 693
2 963 369 594 594
3 

0 763 367 396 396
1 963 369 594 594
2 

0 863 368 495 495
1 

0 963 369 594 594
1 

0 730 307 423 423
1 432 234 198 198
2 981 189 792 792
3 972 279 693 693
4 963 369 594 594
5 

0 731 137 594 594
1 

0 732 237 495 495
1 

0 733 337 396 396
1 963 369 594 594
2 

0 743 347 396 396
1 963 369 594 594
2 

0 753 357 396 396
1 963 369 594 594
2 

0 763 367 396 396
1 963 369 594 594
2 

0 773 377 396 396
1 963 369 594 594
2 

0 873 378 495 495
1 

0 973 379 594 594
1 

0 830 308 522 522
1 522 225 297 297
2 972 279 693 693
3 963 369 594 594
4 

0 831 138 693 693
1 963 369 594 594
2 

0 832 238 594 594
1 

0 833 338 495 495
1 

0 843 348 495 495
1 

0 853 358 495 495
1 

0 863 368 495 495
1 

0 873 378 495 495
1 

0 883 388 495 495
1 

0 983 389 594 594
1 

0 930 309 621 621
1 621 126 495 495
2 

0 931 139 792 792
1 972 279 693 693
2 963 369 594 594
3 

0 932 239 693 693
1 963 369 594 594
2 

0 933 339 594 594
1 

0 943 349 594 594
1 

0 953 359 594 594
1 

0 963 369 594 594
1 

0 973 379 594 594
1 

0 983 389 594 594
1 

0 993 399 594 594
1 

0 400 400 0 0
1 

0 410 104 306 306
1 630 306 324 324
2 432 234 198 198
3 981 189 792 792
4 972 279 693 693
5 963 369 594 594
6 

0 420 204 216 216
1 621 126 495 495
2 

0 430 304 126 126
1 621 126 495 495
2 

0 440 404 36 36
1 630 306 324 324
2 432 234 198 198
3 981 189 792 792
4 972 279 693 693
5 963 369 594 594
6 

0 540 405 135 135
1 531 135 396 396
2 963 369 594 594
3 

0 640 406 234 234
1 432 234 198 198
2 981 189 792 792
3 972 279 693 693
4 963 369 594 594
5 

0 740 407 333 333
1 333 333 0 0
2 

0 840 408 432 432
1 432 234 198 198
2 981 189 792 792
3 972 279 693 693
4 963 369 594 594
5 

0 940 409 531 531
1 531 135 396 396
2 963 369 594 594
3 

0 410 104 306 306
1 630 306 324 324
2 432 234 198 198
3 981 189 792 792
4 972 279 693 693
5 963 369 594 594
6 

0 411 114 297 297
1 972 279 693 693
2 963 369 594 594
3 

0 421 124 297 297
1 972 279 693 693
2 963 369 594 594
3 

0 431 134 297 297
1 972 279 693 693
2 963 369 594 594
3 

0 441 144 297 297
1 972 279 693 693
2 963 369 594 594
3 

0 541 145 396 396
1 963 369 594 594
2 

0 641 146 495 495
1 

0 741 147 594 594
1 

0 841 148 693 693
1 963 369 594 594
2 

0 941 149 792 792
1 972 279 693 693
2 963 369 594 594
3 

0 420 204 216 216
1 621 126 495 495
2 

0 421 124 297 297
1 972 279 693 693
2 963 369 594 594
3 

0 422 224 198 198
1 981 189 792 792
2 972 279 693 693
3 963 369 594 594
4 

0 432 234 198 198
1 981 189 792 792
2 972 279 693 693
3 963 369 594 594
4 

0 442 244 198 198
1 981 189 792 792
2 972 279 693 693
3 963 369 594 594
4 

0 542 245 297 297
1 972 279 693 693
2 963 369 594 594
3 

0 642 246 396 396
1 963 369 594 594
2 

0 742 247 495 495
1 

0 842 248 594 594
1 

0 942 249 693 693
1 963 369 594 594
2 

0 430 304 126 126
1 621 126 495 495
2 

0 431 134 297 297
1 972 279 693 693
2 963 369 594 594
3 

0 432 234 198 198
1 981 189 792 792
2 972 279 693 693
3 963 369 594 594
4 

0 433 334 99 99
1 990 909 81 81
2 810 108 702 702
3 720 207 513 513
4 531 135 396 396
5 963 369 594 594
6 

0 443 344 99 99
1 990 909 81 81
2 810 108 702 702
3 720 207 513 513
4 531 135 396 396
5 963 369 594 594
6 

0 543 345 198 198
1 981 189 792 792
2 972 279 693 693
3 963 369 594 594
4 

0 643 346 297 297
1 972 279 693 693
2 963 369 594 594
3 

0 743 347 396 396
1 963 369 594 594
2 

0 843 348 495 495
1 

0 943 349 594 594
1 

0 440 404 36 36
1 630 306 324 324
2 432 234 198 198
3 981 189 792 792
4 972 279 693 693
5 963 369 594 594
6 

0 441 144 297 297
1 972 279 693 693
2 963 369 594 594
3 

0 442 244 198 198
1 981 189 792 792
2 972 279 693 693
3 963 369 594 594
4 

0 443 344 99 99
1 990 909 81 81
2 810 108 702 702
3 720 207 513 513
4 531 135 396 396
5 963 369 594 594
6 

0 544 445 99 99
1 990 909 81 81
2 810 108 702 702
3 720 207 513 513
4 531 135 396 396
5 963 369 594 594
6 

0 644 446 198 198
1 981 189 792 792
2 972 279 693 693
3 963 369 594 594
4 

0 744 447 297 297
1 972 279 693 693
2 963 369 594 594
3 

0 844 448 396 396
1 963 369 594 594
2 

0 944 449 495 495
1 

0 540 405 135 135
1 531 135 396 396
2 963 369 594 594
3 

0 541 145 396 396
1 963 369 594 594
2 

0 542 245 297 297
1 972 279 693 693
2 963 369 594 594
3 

0 543 345 198 198
1 981 189 792 792
2 972 279 693 693
3 963 369 594 594
4 

0 544 445 99 99
1 990 909 81 81
2 810 108 702 702
3 720 207 513 513
4 531 135 396 396
5 963 369 594 594
6 

0 554 455 99 99
1 990 909 81 81
2 810 108 702 702
3 720 207 513 513
4 531 135 396 396
5 963 369 594 594
6 

0 654 456 198 198
1 981 189 792 792
2 972 279 693 693
3 963 369 594 594
4 

0 754 457 297 297
1 972 279 693 693
2 963 369 594 594
3 

0 854 458 396 396
1 963 369 594 594
2 

0 

0 640 406 234 234
1 432 234 198 198
2 981 189 792 792
3 972 279 693 693
4 963 369 594 594
5 

0 641 146 495 495
1 

0 642 246 396 396
1 963 369 594 594
2 

0 643 346 297 297
1 972 279 693 693
2 963 369 594 594
3 

0 644 446 198 198
1 981 189 792 792
2 972 279 693 693
3 963 369 594 594
4 

0 654 456 198 198
1 981 189 792 792
2 972 279 693 693
3 963 369 594 594
4 

0 664 466 198 198
1 981 189 792 792
2 972 279 693 693
3 963 369 594 594
4 

0 764 467 297 297
1 972 279 693 693
2 963 369 594 594
3 

0 864 468 396 396
1 963 369 594 594
2 

0 964 469 495 495
1 

0 740 407 333 333
1 333 333 0 0
2 

0 741 147 594 594
1 

0 742 247 495 495
1 

0 743 347 396 396
1 963 369 594 594
2 

0 744 447 297 297
1 972 279 693 693
2 963 369 594 594
3 

0 754 457 297 297
1 972 279 693 693
2 963 369 594 594
3 

0 764 467 297 297
1 972 279 693 693
2 963 369 594 594
3 

0 774 477 297 297
1 972 279 693 693
2 963 369 594 594
3 

0 874 478 396 396
1 963 369 594 594
2 

0 974 479 495 495
1 

0 840 408 432 432
1 432 234 198 198
2 981 189 792 792
3 972 279 693 693
4 963 369 594 594
5 

0 841 148 693 693
1 963 369 594 594
2 

0 842 248 594 594
1 

0 843 348 495 495
1 

0 844 448 396 396
1 963 369 594 594
2 

0 854 458 396 396
1 963 369 594 594
2 

0 864 468 396 396
1 963 369 594 594
2 

0 874 478 396 396
1 963 369 594 594
2 

0 884 488 396 396
1 963 369 594 594
2 

0 984 489 495 495
1 

0 940 409 531 531
1 531 135 396 396
2 963 369 594 594
3 

0 941 149 792 792
1 972 279 693 693
2 963 369 594 594
3 

0 942 249 693 693
1 963 369 594 594
2 

0 943 349 594 594
1 

0 944 449 495 495
1 

0 

0 964 469 495 495
1 

0 974 479 495 495
1 

0 984 489 495 495
1 

0 994 499 495 495
1 

0 500 500 0 0
1 

0 510 105 405 405
1 540 405 135 135
2 531 135 396 396
3 963 369 594 594
4 

0 520 205 315 315
1 531 135 396 396
2 963 369 594 594
3 

0 530 305 225 225
1 522 225 297 297
2 972 279 693 693
3 963 369 594 594
4 

0 540 405 135 135
1 531 135 396 396
2 963 369 594 594
3 

0 550 505 45 45
1 540 405 135 135
2 531 135 396 396
3 963 369 594 594
4 

0 650 506 144 144
1 441 144 297 297
2 972 279 693 693
3 963 369 594 594
4 

0 750 507 243 243
1 432 234 198 198
2 981 189 792 792
3 972 279 693 693
4 963 369 594 594
5 

0 850 508 342 342
1 432 234 198 198
2 981 189 792 792
3 972 279 693 693
4 963 369 594 594
5 

0 950 509 441 441
1 441 144 297 297
2 972 279 693 693
3 963 369 594 594
4 

0 510 105 405 405
1 540 405 135 135
2 531 135 396 396
3 963 369 594 594
4 

0 511 115 396 396
1 963 369 594 594
2 

0 521 125 396 396
1 963 369 594 594
2 

0 531 135 396 396
1 963 369 594 594
2 

0 541 145 396 396
1 963 369 594 594
2 

0 551 155 396 396
1 963 369 594 594
2 

0 651 156 495 495
1 

0 751 157 594 594
1 

0 851 158 693 693
1 963 369 594 594
2 

0 951 159 792 792
1 972 279 693 693
2 963 369 594 594
3 

0 520 205 315 315
1 531 135 396 396
2 963 369 594 594
3 

0 521 125 396 396
1 963 369 594 594
2 

0 522 225 297 297
1 972 279 693 693
2 963 369 594 594
3 

0 532 235 297 297
1 972 279 693 693
2 963 369 594 594
3 

0 542 245 297 297
1 972 279 693 693
2 963 369 594 594
3 

0 552 255 297 297
1 972 279 693 693
2 963 369 594 594
3 

0 652 256 396 396
1 963 369 594 594
2 

0 752 257 495 495
1 

0 852 258 594 594
1 

0 952 259 693 693
1 963 369 594 594
2 

0 530 305 225 225
1 522 225 297 297
2 972 279 693 693
3 963 369 594 594
4 

0 531 135 396 396
1 963 369 594 594
2 

0 532 235 297 297
1 972 279 693 693
2 963 369 594 594
3 

0 533 335 198 198
1 981 189 792 792
2 972 279 693 693
3 963 369 594 594
4 

0 543 345 198 198
1 981 189 792 792
2 972 279 693 693
3 963 369 594 594
4 

0 553 355 198 198
1 981 189 792 792
2 972 279 693 693
3 963 369 594 594
4 

0 653 356 297 297
1 972 279 693 693
2 963 369 594 594
3 

0 753 357 396 396
1 963 369 594 594
2 

0 853 358 495 495
1 

0 953 359 594 594
1 

0 540 405 135 135
1 531 135 396 396
2 963 369 594 594
3 

0 541 145 396 396
1 963 369 594 594
2 

0 542 245 297 297
1 972 279 693 693
2 963 369 594 594
3 

0 543 345 198 198
1 981 189 792 792
2 972 279 693 693
3 963 369 594 594
4 

0 544 445 99 99
1 990 909 81 81
2 810 108 702 702
3 720 207 513 513
4 531 135 396 396
5 963 369 594 594
6 

0 554 455 99 99
1 990 909 81 81
2 810 108 702 702
3 720 207 513 513
4 531 135 396 396
5 963 369 594 594
6 

0 654 456 198 198
1 981 189 792 792
2 972 279 693 693
3 963 369 594 594
4 

0 754 457 297 297
1 972 279 693 693
2 963 369 594 594
3 

0 854 458 396 396
1 963 369 594 594
2 

0 

0 550 505 45 45
1 540 405 135 135
2 531 135 396 396
3 963 369 594 594
4 

0 551 155 396 396
1 963 369 594 594
2 

0 552 255 297 297
1 972 279 693 693
2 963 369 594 594
3 

0 553 355 198 198
1 981 189 792 792
2 972 279 693 693
3 963 369 594 594
4 

0 554 455 99 99
1 990 909 81 81
2 810 108 702 702
3 720 207 513 513
4 531 135 396 396
5 963 369 594 594
6 

0 655 556 99 99
1 990 909 81 81
2 810 108 702 702
3 720 207 513 513
4 531 135 396 396
5 963 369 594 594
6 

0 755 557 198 198
1 981 189 792 792
2 972 279 693 693
3 963 369 594 594
4 

0 855 558 297 297
1 972 279 693 693
2 963 369 594 594
3 

0 955 559 396 396
1 963 369 594 594
2 

0 650 506 144 144
1 441 144 297 297
2 972 279 693 693
3 963 369 594 594
4 

0 651 156 495 495
1 

0 652 256 396 396
1 963 369 594 594
2 

0 653 356 297 297
1 972 279 693 693
2 963 369 594 594
3 

0 654 456 198 198
1 981 189 792 792
2 972 279 693 693
3 963 369 594 594
4 

0 655 556 99 99
1 990 909 81 81
2 810 108 702 702
3 720 207 513 513
4 531 135 396 396
5 963 369 594 594
6 

0 665 566 99 99
1 990 909 81 81
2 810 108 702 702
3 720 207 513 513
4 531 135 396 396
5 963 369 594 594
6 

0 765 567 198 198
1 981 189 792 792
2 972 279 693 693
3 963 369 594 594
4 

0 865 568 297 297
1 972 279 693 693
2 963 369 594 594
3 

0 965 569 396 396
1 963 369 594 594
2 

0 750 507 243 243
1 432 234 198 198
2 981 189 792 792
3 972 279 693 693
4 963 369 594 594
5 

0 751 157 594 594
1 

0 752 257 495 495
1 

0 753 357 396 396
1 963 369 594 594
2 

0 754 457 297 297
1 972 279 693 693
2 963 369 594 594
3 

0 755 557 198 198
1 981 189 792 792
2 972 279 693 693
3 963 369 594 594
4 

0 765 567 198 198
1 981 189 792 792
2 972 279 693 693
3 963 369 594 594
4 

0 775 577 198 198
1 981 189 792 792
2 972 279 693 693
3 963 369 594 594
4 

0 875 578 297 297
1 972 279 693 693
2 963 369 594 594
3 

0 975 579 396 396
1 963 369 594 594
2 

0 850 508 342 342
1 432 234 198 198
2 981 189 792 792
3 972 279 693 693
4 963 369 594 594
5 

0 851 158 693 693
1 963 369 594 594
2 

0 852 258 594 594
1 

0 853 358 495 495
1 

0 854 458 396 396
1 963 369 594 594
2 

0 855 558 297 297
1 972 279 693 693
2 963 369 594 594
3 

0 865 568 297 297
1 972 279 693 693
2 963 369 594 594
3 

0 875 578 297 297
1 972 279 693 693
2 963 369 594 594
3 

0 885 588 297 297
1 972 279 693 693
2 963 369 594 594
3 

0 985 589 396 396
1 963 369 594 594
2 

0 950 509 441 441
1 441 144 297 297
2 972 279 693 693
3 963 369 594 594
4 

0 951 159 792 792
1 972 279 693 693
2 963 369 594 594
3 

0 952 259 693 693
1 963 369 594 594
2 

0 953 359 594 594
1 

0 

0 955 559 396 396
1 963 369 594 594
2 

0 965 569 396 396
1 963 369 594 594
2 

0 975 579 396 396
1 963 369 594 594
2 

0 985 589 396 396
1 963 369 594 594
2 

0 995 599 396 396
1 963 369 594 594
2 

0 600 600 0 0
1 

0 610 106 504 504
1 540 405 135 135
2 531 135 396 396
3 963 369 594 594
4 

0 620 206 414 414
1 441 144 297 297
2 972 279 693 693
3 963 369 594 594
4 

0 630 306 324 324
1 432 234 198 198
2 981 189 792 792
3 972 279 693 693
4 963 369 594 594
5 

0 640 406 234 234
1 432 234 198 198
2 981 189 792 792
3 972 279 693 693
4 963 369 594 594
5 

0 650 506 144 144
1 441 144 297 297
2 972 279 693 693
3 963 369 594 594
4 

0 660 606 54 54
1 540 405 135 135
2 531 135 396 396
3 963 369 594 594
4 

0 760 607 153 153
1 531 135 396 396
2 963 369 594 594
3 

0 860 608 252 252
1 522 225 297 297
2 972 279 693 693
3 963 369 594 594
4 

0 960 609 351 351
1 531 135 396 396
2 963 369 594 594
3 

0 610 106 504 504
1 540 405 135 135
2 531 135 396 396
3 963 369 594 594
4 

0 611 116 495 495
1 

0 621 126 495 495
1 

0 631 136 495 495
1 

0 641 146 495 495
1 

0 651 156 495 495
1 

0 661 166 495 495
1 

0 761 167 594 594
1 

0 861 168 693 693
1 963 369 594 594
2 

0 961 169 792 792
1 972 279 693 693
2 963 369 594 594
3 

0 620 206 414 414
1 441 144 297 297
2 972 279 693 693
3 963 369 594 594
4 

0 621 126 495 495
1 

0 622 226 396 396
1 963 369 594 594
2 

0 632 236 396 396
1 963 369 594 594
2 

0 642 246 396 396
1 963 369 594 594
2 

0 652 256 396 396
1 963 369 594 594
2 

0 662 266 396 396
1 963 369 594 594
2 

0 762 267 495 495
1 

0 862 268 594 594
1 

0 962 269 693 693
1 963 369 594 594
2 

0 630 306 324 324
1 432 234 198 198
2 981 189 792 792
3 972 279 693 693
4 963 369 594 594
5 

0 631 136 495 495
1 

0 632 236 396 396
1 963 369 594 594
2 

0 633 336 297 297
1 972 279 693 693
2 963 369 594 594
3 

0 643 346 297 297
1 972 279 693 693
2 963 369 594 594
3 

0 653 356 297 297
1 972 279 693 693
2 963 369 594 594
3 

0 663 366 297 297
1 972 279 693 693
2 963 369 594 594
3 

0 763 367 396 396
1 963 369 594 594
2 

0 863 368 495 495
1 

0 963 369 594 594
1 

0 640 406 234 234
1 432 234 198 198
2 981 189 792 792
3 972 279 693 693
4 963 369 594 594
5 

0 641 146 495 495
1 

0 642 246 396 396
1 963 369 594 594
2 

0 643 346 297 297
1 972 279 693 693
2 963 369 594 594
3 

0 644 446 198 198
1 981 189 792 792
2 972 279 693 693
3 963 369 594 594
4 

0 654 456 198 198
1 981 189 792 792
2 972 279 693 693
3 963 369 594 594
4 

0 664 466 198 198
1 981 189 792 792
2 972 279 693 693
3 963 369 594 594
4 

0 764 467 297 297
1 972 279 693 693
2 963 369 594 594
3 

0 864 468 396 396
1 963 369 594 594
2 

0 964 469 495 495
1 

0 650 506 144 144
1 441 144 297 297
2 972 279 693 693
3 963 369 594 594
4 

0 651 156 495 495
1 

0 652 256 396 396
1 963 369 594 594
2 

0 653 356 297 297
1 972 279 693 693
2 963 369 594 594
3 

0 654 456 198 198
1 981 189 792 792
2 972 279 693 693
3 963 369 594 594
4 

0 655 556 99 99
1 990 909 81 81
2 810 108 702 702
3 720 207 513 513
4 531 135 396 396
5 963 369 594 594
6 

0 665 566 99 99
1 990 909 81 81
2 810 108 702 702
3 720 207 513 513
4 531 135 396 396
5 963 369 594 594
6 

0 765 567 198 198
1 981 189 792 792
2 972 279 693 693
3 963 369 594 594
4 

0 865 568 297 297
1 972 279 693 693
2 963 369 594 594
3 

0 965 569 396 396
1 963 369 594 594
2 

0 660 606 54 54
1 540 405 135 135
2 531 135 396 396
3 963 369 594 594
4 

0 661 166 495 495
1 

0 662 266 396 396
1 963 369 594 594
2 

0 663 366 297 297
1 972 279 693 693
2 963 369 594 594
3 

0 664 466 198 198
1 981 189 792 792
2 972 279 693 693
3 963 369 594 594
4 

0 665 566 99 99
1 990 909 81 81
2 810 108 702 702
3 720 207 513 513
4 531 135 396 396
5 963 369 594 594
6 

0 766 667 99 99
1 990 909 81 81
2 810 108 702 702
3 720 207 513 513
4 531 135 396 396
5 963 369 594 594
6 

0 866 668 198 198
1 981 189 792 792
2 972 279 693 693
3 963 369 594 594
4 

0 966 669 297 297
1 972 279 693 693
2 963 369 594 594
3 

0 760 607 153 153
1 531 135 396 396
2 963 369 594 594
3 

0 761 167 594 594
1 

0 762 267 495 495
1 

0 763 367 396 396
1 963 369 594 594
2 

0 764 467 297 297
1 972 279 693 693
2 963 369 594 594
3 

0 765 567 198 198
1 981 189 792 792
2 972 279 693 693
3 963 369 594 594
4 

0 766 667 99 99
1 990 909 81 81
2 810 108 702 702
3 720 207 513 513
4 531 135 396 396
5 963 369 594 594
6 

0 776 677 99 99
1 990 909 81 81
2 810 108 702 702
3 720 207 513 513
4 531 135 396 396
5 963 369 594 594
6 

0 876 678 198 198
1 981 189 792 792
2 972 279 693 693
3 963 369 594 594
4 

0 976 679 297 297
1 972 279 693 693
2 963 369 594 594
3 

0 860 608 252 252
1 522 225 297 297
2 972 279 693 693
3 963 369 594 594
4 

0 861 168 693 693
1 963 369 594 594
2 

0 862 268 594 594
1 

0 863 368 495 495
1 

0 864 468 396 396
1 963 369 594 594
2 

0 865 568 297 297
1 972 279 693 693
2 963 369 594 594
3 

0 866 668 198 198
1 981 189 792 792
2 972 279 693 693
3 963 369 594 594
4 

0 876 678 198 198
1 981 189 792 792
2 972 279 693 693
3 963 369 594 594
4 

0 886 688 198 198
1 981 189 792 792
2 972 279 693 693
3 963 369 594 594
4 

0 986 689 297 297
1 972 279 693 693
2 963 369 594 594
3 

0 960 609 351 351
1 531 135 396 396
2 963 369 594 594
3 

0 961 169 792 792
1 972 279 693 693
2 963 369 594 594
3 

0 962 269 693 693
1 963 369 594 594
2 

0 963 369 594 594
1 

0 964 469 495 495
1 

0 965 569 396 396
1 963 369 594 594
2 

0 966 669 297 297
1 972 279 693 693
2 963 369 594 594
3 

0 976 679 297 297
1 972 279 693 693
2 963 369 594 594
3 

0 986 689 297 297
1 972 279 693 693
2 963 369 594 594
3 

0 996 699 297 297
1 972 279 693 693
2 963 369 594 594
3 

0 700 700 0 0
1 

0 710 107 603 603
1 630 306 324 324
2 432 234 198 198
3 981 189 792 792
4 972 279 693 693
5 963 369 594 594
6 

0 720 207 513 513
1 531 135 396 396
2 963 369 594 594
3 

0 730 307 423 423
1 432 234 198 198
2 981 189 792 792
3 972 279 693 693
4 963 369 594 594
5 

0 740 407 333 333
1 333 333 0 0
2 

0 750 507 243 243
1 432 234 198 198
2 981 189 792 792
3 972 279 693 693
4 963 369 594 594
5 

0 760 607 153 153
1 531 135 396 396
2 963 369 594 594
3 

0 770 707 63 63
1 630 306 324 324
2 432 234 198 198
3 981 189 792 792
4 972 279 693 693
5 963 369 594 594
6 

0 870 708 162 162
1 621 126 495 495
2 

0 970 709 261 261
1 621 126 495 495
2 

0 710 107 603 603
1 630 306 324 324
2 432 234 198 198
3 981 189 792 792
4 972 279 693 693
5 963 369 594 594
6 

0 711 117 594 594
1 

0 721 127 594 594
1 

0 731 137 594 594
1 

0 741 147 594 594
1 

0 751 157 594 594
1 

0 761 167 594 594
1 

0 771 177 594 594
1 

0 871 178 693 693
1 963 369 594 594
2 

0 971 179 792 792
1 972 279 693 693
2 963 369 594 594
3 

0 720 207 513 513
1 531 135 396 396
2 963 369 594 594
3 

0 721 127 594 594
1 

0 722 227 495 495
1 

0 732 237 495 495
1 

0 742 247 495 495
1 

0 752 257 495 495
1 

0 762 267 495 495
1 

0 772 277 495 495
1 

0 872 278 594 594
1 

0 972 279 693 693
1 963 369 594 594
2 

0 730 307 423 423
1 432 234 198 198
2 981 189 792 792
3 972 279 693 693
4 963 369 594 594
5 

0 731 137 594 594
1 

0 732 237 495 495
1 

0 733 337 396 396
1 963 369 594 594
2 

0 743 347 396 396
1 963 369 594 594
2 

0 753 357 396 396
1 963 369 594 594
2 

0 763 367 396 396
1 963 369 594 594
2 

0 773 377 396 396
1 963 369 594 594
2 

0 873 378 495 495
1 

0 973 379 594 594
1 

0 740 407 333 333
1 333 333 0 0
2 

0 741 147 594 594
1 

0 742 247 495 495
1 

0 743 347 396 396
1 963 369 594 594
2 

0 744 447 297 297
1 972 279 693 693
2 963 369 594 594
3 

0 754 457 297 297
1 972 279 693 693
2 963 369 594 594
3 

0 764 467 297 297
1 972 279 693 693
2 963 369 594 594
3 

0 774 477 297 297
1 972 279 693 693
2 963 369 594 594
3 

0 874 478 396 396
1 963 369 594 594
2 

0 974 479 495 495
1 

0 750 507 243 243
1 432 234 198 198
2 981 189 792 792
3 972 279 693 693
4 963 369 594 594
5 

0 751 157 594 594
1 

0 752 257 495 495
1 

0 753 357 396 396
1 963 369 594 594
2 

0 754 457 297 297
1 972 279 693 693
2 963 369 594 594
3 

0 755 557 198 198
1 981 189 792 792
2 972 279 693 693
3 963 369 594 594
4 

0 765 567 198 198
1 981 189 792 792
2 972 279 693 693
3 963 369 594 594
4 

0 775 577 198 198
1 981 189 792 792
2 972 279 693 693
3 963 369 594 594
4 

0 875 578 297 297
1 972 279 693 693
2 963 369 594 594
3 

0 975 579 396 396
1 963 369 594 594
2 

0 760 607 153 153
1 531 135 396 396
2 963 369 594 594
3 

0 761 167 594 594
1 

0 762 267 495 495
1 

0 763 367 396 396
1 963 369 594 594
2 

0 764 467 297 297
1 972 279 693 693
2 963 369 594 594
3 

0 765 567 198 198
1 981 189 792 792
2 972 279 693 693
3 963 369 594 594
4 

0 766 667 99 99
1 990 909 81 81
2 810 108 702 702
3 720 207 513 513
4 531 135 396 396
5 963 369 594 594
6 

0 776 677 99 99
1 990 909 81 81
2 810 108 702 702
3 720 207 513 513
4 531 135 396 396
5 963 369 594 594
6 

0 876 678 198 198
1 981 189 792 792
2 972 279 693 693
3 963 369 594 594
4 

0 976 679 297 297
1 972 279 693 693
2 963 369 594 594
3 

0 770 707 63 63
1 630 306 324 324
2 432 234 198 198
3 981 189 792 792
4 972 279 693 693
5 963 369 594 594
6 

0 771 177 594 594
1 

0 772 277 495 495
1 

0 773 377 396 396
1 963 369 594 594
2 

0 774 477 297 297
1 972 279 693 693
2 963 369 594 594
3 

0 775 577 198 198
1 981 189 792 792
2 972 279 693 693
3 963 369 594 594
4 

0 776 677 99 99
1 990 909 81 81
2 810 108 702 702
3 720 207 513 513
4 531 135 396 396
5 963 369 594 594
6 

0 877 778 99 99
1 990 909 81 81
2 810 108 702 702
3 720 207 513 513
4 531 135 396 396
5 963 369 594 594
6 

0 977 779 198 198
1 981 189 792 792
2 972 279 693 693
3 963 369 594 594
4 

0 870 708 162 162
1 621 126 495 495
2 

0 871 178 693 693
1 963 369 594 594
2 

0 872 278 594 594
1 

0 873 378 495 495
1 

0 874 478 396 396
1 963 369 594 594
2 

0 875 578 297 297
1 972 279 693 693
2 963 369 594 594
3 

0 876 678 198 198
1 981 189 792 792
2 972 279 693 693
3 963 369 594 594
4 

0 877 778 99 99
1 990 909 81 81
2 810 108 702 702
3 720 207 513 513
4 531 135 396 396
5 963 369 594 594
6 

0 887 788 99 99
1 990 909 81 81
2 810 108 702 702
3 720 207 513 513
4 531 135 396 396
5 963 369 594 594
6 

0 987 789 198 198
1 981 189 792 792
2 972 279 693 693
3 963 369 594 594
4 

0 970 709 261 261
1 621 126 495 495
2 

0 971 179 792 792
1 972 279 693 693
2 963 369 594 594
3 

0 972 279 693 693
1 963 369 594 594
2 

0 973 379 594 594
1 

0 974 479 495 495
1 

0 975 579 396 396
1 963 369 594 594
2 

0 976 679 297 297
1 972 279 693 693
2 963 369 594 594
3 

0 977 779 198 198
1 981 189 792 792
2 972 279 693 693
3 963 369 594 594
4 

0 987 789 198 198
1 981 189 792 792
2 972 279 693 693
3 963 369 594 594
4 

0 997 799 198 198
1 981 189 792 792
2 972 279 693 693
3 963 369 594 594
4 

0 800 800 0 0
1 

0 810 108 702 702
1 720 207 513 513
2 531 135 396 396
3 963 369 594 594
4 

0 820 208 612 612
1 621 126 495 495
2 

0 830 308 522 522
1 522 225 297 297
2 972 279 693 693
3 963 369 594 594
4 

0 840 408 432 432
1 432 234 198 198
2 981 189 792 792
3 972 279 693 693
4 963 369 594 594
5 

0 850 508 342 342
1 432 234 198 198
2 981 189 792 792
3 972 279 693 693
4 963 369 594 594
5 

0 860 608 252 252
1 522 225 297 297
2 972 279 693 693
3 963 369 594 594
4 

0 870 708 162 162
1 621 126 495 495
2 

0 880 808 72 72
1 720 207 513 513
2 531 135 396 396
3 963 369 594 594
4 

0 980 809 171 171
1 711 117 594 594
2 

0 810 108 702 702
1 720 207 513 513
2 531 135 396 396
3 963 369 594 594
4 

0 811 118 693 693
1 963 369 594 594
2 

0 821 128 693 693
1 963 369 594 594
2 

0 831 138 693 693
1 963 369 594 594
2 

0 841 148 693 693
1 963 369 594 594
2 

0 851 158 693 693
1 963 369 594 594
2 

0 861 168 693 693
1 963 369 594 594
2 

0 871 178 693 693
1 963 369 594 594
2 

0 881 188 693 693
1 963 369 594 594
2 

0 981 189 792 792
1 972 279 693 693
2 963 369 594 594
3 

0 820 208 612 612
1 621 126 495 495
2 

0 821 128 693 693
1 963 369 594 594
2 

0 822 228 594 594
1 

0 832 238 594 594
1 

0 842 248 594 594
1 

0 852 258 594 594
1 

0 862 268 594 594
1 

0 872 278 594 594
1 

0 882 288 594 594
1 

0 982 289 693 693
1 963 369 594 594
2 

0 830 308 522 522
1 522 225 297 297
2 972 279 693 693
3 963 369 594 594
4 

0 831 138 693 693
1 963 369 594 594
2 

0 832 238 594 594
1 

0 833 338 495 495
1 

0 843 348 495 495
1 

0 853 358 495 495
1 

0 863 368 495 495
1 

0 873 378 495 495
1 

0 883 388 495 495
1 

0 983 389 594 594
1 

0 840 408 432 432
1 432 234 198 198
2 981 189 792 792
3 972 279 693 693
4 963 369 594 594
5 

0 841 148 693 693
1 963 369 594 594
2 

0 842 248 594 594
1 

0 843 348 495 495
1 

0 844 448 396 396
1 963 369 594 594
2 

0 854 458 396 396
1 963 369 594 594
2 

0 864 468 396 396
1 963 369 594 594
2 

0 874 478 396 396
1 963 369 594 594
2 

0 884 488 396 396
1 963 369 594 594
2 

0 984 489 495 495
1 

0 850 508 342 342
1 432 234 198 198
2 981 189 792 792
3 972 279 693 693
4 963 369 594 594
5 

0 851 158 693 693
1 963 369 594 594
2 

0 852 258 594 594
1 

0 853 358 495 495
1 

0 854 458 396 396
1 963 369 594 594
2 

0 855 558 297 297
1 972 279 693 693
2 963 369 594 594
3 

0 865 568 297 297
1 972 279 693 693
2 963 369 594 594
3 

0 875 578 297 297
1 972 279 693 693
2 963 369 594 594
3 

0 885 588 297 297
1 972 279 693 693
2 963 369 594 594
3 

0 985 589 396 396
1 963 369 594 594
2 

0 860 608 252 252
1 522 225 297 297
2 972 279 693 693
3 963 369 594 594
4 

0 861 168 693 693
1 963 369 594 594
2 

0 862 268 594 594
1 

0 863 368 495 495
1 

0 864 468 396 396
1 963 369 594 594
2 

0 865 568 297 297
1 972 279 693 693
2 963 369 594 594
3 

0 866 668 198 198
1 981 189 792 792
2 972 279 693 693
3 963 369 594 594
4 

0 876 678 198 198
1 981 189 792 792
2 972 279 693 693
3 963 369 594 594
4 

0 886 688 198 198
1 981 189 792 792
2 972 279 693 693
3 963 369 594 594
4 

0 986 689 297 297
1 972 279 693 693
2 963 369 594 594
3 

0 870 708 162 162
1 621 126 495 495
2 

0 871 178 693 693
1 963 369 594 594
2 

0 872 278 594 594
1 

0 873 378 495 495
1 

0 874 478 396 396
1 963 369 594 594
2 

0 875 578 297 297
1 972 279 693 693
2 963 369 594 594
3 

0 876 678 198 198
1 981 189 792 792
2 972 279 693 693
3 963 369 594 594
4 

0 877 778 99 99
1 990 909 81 81
2 810 108 702 702
3 720 207 513 513
4 531 135 396 396
5 963 369 594 594
6 

0 887 788 99 99
1 990 909 81 81
2 810 108 702 702
3 720 207 513 513
4 531 135 396 396
5 963 369 594 594
6 

0 987 789 198 198
1 981 189 792 792
2 972 279 693 693
3 963 369 594 594
4 

0 880 808 72 72
1 720 207 513 513
2 531 135 396 396
3 963 369 594 594
4 

0 881 188 693 693
1 963 369 594 594
2 

0 882 288 594 594
1 

0 883 388 495 495
1 

0 884 488 396 396
1 963 369 594 594
2 

0 885 588 297 297
1 972 279 693 693
2 963 369 594 594
3 

0 886 688 198 198
1 981 189 792 792
2 972 279 693 693
3 963 369 594 594
4 

0 887 788 99 99
1 990 909 81 81
2 810 108 702 702
3 720 207 513 513
4 531 135 396 396
5 963 369 594 594
6 

0 988 889 99 99
1 990 909 81 81
2 810 108 702 702
3 720 207 513 513
4 531 135 396 396
5 963 369 594 594
6 

0 980 809 171 171
1 711 117 594 594
2 

0 981 189 792 792
1 972 279 693 693
2 963 369 594 594
3 

0 982 289 693 693
1 963 369 594 594
2 

0 983 389 594 594
1 

0 984 489 495 495
1 

0 985 589 396 396
1 963 369 594 594
2 

0 986 689 297 297
1 972 279 693 693
2 963 369 594 594
3 

0 987 789 198 198
1 981 189 792 792
2 972 279 693 693
3 963 369 594 594
4 

0 988 889 99 99
1 990 909 81 81
2 810 108 702 702
3 720 207 513 513
4 531 135 396 396
5 963 369 594 594
6 

0 998 899 99 99
1 990 909 81 81
2 810 108 702 702
3 720 207 513 513
4 531 135 396 396
5 963 369 594 594
6 

0 900 900 0 0
1 

0 910 109 801 801
1 810 108 702 702
2 720 207 513 513
3 531 135 396 396
4 963 369 594 594
5 

0 920 209 711 711
1 711 117 594 594
2 

0 930 309 621 621
1 621 126 495 495
2 

0 940 409 531 531
1 531 135 396 396
2 963 369 594 594
3 

0 950 509 441 441
1 441 144 297 297
2 972 279 693 693
3 963 369 594 594
4 

0 960 609 351 351
1 531 135 396 396
2 963 369 594 594
3 

0 970 709 261 261
1 621 126 495 495
2 

0 980 809 171 171
1 711 117 594 594
2 

0 990 909 81 81
1 810 108 702 702
2 720 207 513 513
3 531 135 396 396
4 963 369 594 594
5 

0 910 109 801 801
1 810 108 702 702
2 720 207 513 513
3 531 135 396 396
4 963 369 594 594
5 

0 911 119 792 792
1 972 279 693 693
2 963 369 594 594
3 

0 921 129 792 792
1 972 279 693 693
2 963 369 594 594
3 

0 931 139 792 792
1 972 279 693 693
2 963 369 594 594
3 

0 941 149 792 792
1 972 279 693 693
2 963 369 594 594
3 

0 951 159 792 792
1 972 279 693 693
2 963 369 594 594
3 

0 961 169 792 792
1 972 279 693 693
2 963 369 594 594
3 

0 971 179 792 792
1 972 279 693 693
2 963 369 594 594
3 

0 981 189 792 792
1 972 279 693 693
2 963 369 594 594
3 

0 991 199 792 792
1 972 279 693 693
2 963 369 594 594
3 

0 920 209 711 711
1 711 117 594 594
2 

0 921 129 792 792
1 972 279 693 693
2 963 369 594 594
3 

0 922 229 693 693
1 963 369 594 594
2 

0 932 239 693 693
1 963 369 594 594
2 

0 942 249 693 693
1 963 369 594 594
2 

0 952 259 693 693
1 963 369 594 594
2 

0 962 269 693 693
1 963 369 594 594
2 

0 972 279 693 693
1 963 369 594 594
2 

0 982 289 693 693
1 963 369 594 594
2 

0 992 299 693 693
1 963 369 594 594
2 

0 930 309 621 621
1 621 126 495 495
2 

0 931 139 792 792
1 972 279 693 693
2 963 369 594 594
3 

0 932 239 693 693
1 963 369 594 594
2 

0 933 339 594 594
1 

0 943 349 594 594
1 

0 953 359 594 594
1 

0 963 369 594 594
1 

0 973 379 594 594
1 

0 983 389 594 594
1 

0 993 399 594 594
1 

0 940 409 531 531
1 531 135 396 396
2 963 369 594 594
3 

0 941 149 792 792
1 972 279 693 693
2 963 369 594 594
3 

0 942 249 693 693
1 963 369 594 594
2 

0 943 349 594 594
1 

0 944 449 495 495
1 

0 

0 964 469 495 495
1 

0 974 479 495 495
1 

0 984 489 495 495
1 

0 994 499 495 495
1 

0 950 509 441 441
1 441 144 297 297
2 972 279 693 693
3 963 369 594 594
4 

0 951 159 792 792
1 972 279 693 693
2 963 369 594 594
3 

0 952 259 693 693
1 963 369 594 594
2 

0 953 359 594 594
1 

0 

0 955 559 396 396
1 963 369 594 594
2 

0 965 569 396 396
1 963 369 594 594
2 

0 975 579 396 396
1 963 369 594 594
2 

0 985 589 396 396
1 963 369 594 594
2 

0 995 599 396 396
1 963 369 594 594
2 

0 960 609 351 351
1 531 135 396 396
2 963 369 594 594
3 

0 961 169 792 792
1 972 279 693 693
2 963 369 594 594
3 

0 962 269 693 693
1 963 369 594 594
2 

0 963 369 594 594
1 

0 964 469 495 495
1 

0 965 569 396 396
1 963 369 594 594
2 

0 966 669 297 297
1 972 279 693 693
2 963 369 594 594
3 

0 976 679 297 297
1 972 279 693 693
2 963 369 594 594
3 

0 986 689 297 297
1 972 279 693 693
2 963 369 594 594
3 

0 996 699 297 297
1 972 279 693 693
2 963 369 594 594
3 

0 970 709 261 261
1 621 126 495 495
2 

0 971 179 792 792
1 972 279 693 693
2 963 369 594 594
3 

0 972 279 693 693
1 963 369 594 594
2 

0 973 379 594 594
1 

0 974 479 495 495
1 

0 975 579 396 396
1 963 369 594 594
2 

0 976 679 297 297
1 972 279 693 693
2 963 369 594 594
3 

0 977 779 198 198
1 981 189 792 792
2 972 279 693 693
3 963 369 594 594
4 

0 987 789 198 198
1 981 189 792 792
2 972 279 693 693
3 963 369 594 594
4 

0 997 799 198 198
1 981 189 792 792
2 972 279 693 693
3 963 369 594 594
4 

0 980 809 171 171
1 711 117 594 594
2 

0 981 189 792 792
1 972 279 693 693
2 963 369 594 594
3 

0 982 289 693 693
1 963 369 594 594
2 

0 983 389 594 594
1 

0 984 489 495 495
1 

0 985 589 396 396
1 963 369 594 594
2 

0 986 689 297 297
1 972 279 693 693
2 963 369 594 594
3 

0 987 789 198 198
1 981 189 792 792
2 972 279 693 693
3 963 369 594 594
4 

0 988 889 99 99
1 990 909 81 81
2 810 108 702 702
3 720 207 513 513
4 531 135 396 396
5 963 369 594 594
6 

0 998 899 99 99
1 990 909 81 81
2 810 108 702 702
3 720 207 513 513
4 531 135 396 396
5 963 369 594 594
6 

0 990 909 81 81
1 810 108 702 702
2 720 207 513 513
3 531 135 396 396
4 963 369 594 594
5 

0 991 199 792 792
1 972 279 693 693
2 963 369 594 594
3 

0 992 299 693 693
1 963 369 594 594
2 

0 993 399 594 594
1 

0 994 499 495 495
1 

0 995 599 396 396
1 963 369 594 594
2 

0 996 699 297 297
1 972 279 693 693
2 963 369 594 594
3 

0 997 799 198 198
1 981 189 792 792
2 972 279 693 693
3 963 369 594 594
4 

0 998 899 99 99
1 990 909 81 81
2 810 108 702 702
3 720 207 513 513
4 531 135 396 396
5 963 369 594 594
6 

{0: 1,
 9: 2,
 18: 5,
 27: 4,
 36: 6,
 45: 4,
 99: 6,
 117: 2,
 126: 2,
 135: 3,
 144: 4,
 189: 4,
 225: 4,
 234: 5,
 279: 3,
 333: 2,
 369: 2,
 459: 1}
1 [(0, 1), (459, 1)]
2 [(9, 2), (369, 2), (117, 2), (126, 2), (333, 2)]
3 [(279, 3), (135, 3)]
4 [(27, 4), (45, 4), (189, 4), (144, 4), (225, 4)]
5 [(18, 5), (234, 5)]
6 [(36, 6), (99, 6)]
