0 10000 10000 0 0
1 

0 11000 10001 999 999
1 99900 90099 9801 9801
2 98100 10089 88011 88011
3 88110 10188 77922 77922
4 97722 22779 74943 74943
5 97443 34479 62964 62964
6 96642 24669 71973 71973
7 97731 13779 83952 83952
8 98532 23589 74943 74943
9 97443 34479 62964 62964
10 96642 24669 71973 71973
11 97731 13779 83952 83952
12 98532 23589 74943 74943
13 97443 34479 62964 62964
14 96642 24669 71973 71973
15 97731 13779 83952 83952
16 98532 23589 74943 74943
17 97443 34479 62964 62964
18 96642 24669 71973 71973
19 97731 13779 83952 83952
20 98532 23589 74943 74943
21 97443 34479 62964 62964
22 96642 24669 71973 71973
23 97731 13779 83952 83952
24 98532 23589 74943 74943
25 97443 34479 62964 62964
26 96642 24669 71973 71973
27 97731 13779 83952 83952
28 98532 23589 74943 74943
29 97443 34479 62964 62964
30 96642 24669 71973 71973
31 97731 13779 83952 83952
32 98532 23589 74943 74943
33 97443 34479 62964 62964
34 96642 24669 71973 71973
35 97731 13779 83952 83952
36 98532 23589 74943 74943
37 97443 34479 62964 62964
38 96642 24669 71973 71973
39 97731 13779 83952 83952
40 98532 23589 74943 74943
41 97443 34479 62964 62964
42 96642 24669 71973 71973
43 97731 13779 83952 83952
44 98532 23589 74943 74943
45 97443 34479 62964 62964
46 96642 24669 71973 71973
47 97731 13779 83952 83952
48 98532 23589 74943 74943
49 97443 34479 62964 62964
50 96642 24669 71973 71973
51 97731 13779 83952 83952
52 98532 23589 74943 74943
53 97443 34479 62964 62964
54 96642 24669 71973 71973
55 97731 13779 83952 83952
56 98532 23589 74943 74943
57 97443 34479 62964 62964
58 96642 24669 71973 71973
59 97731 13779 83952 83952
60 98532 23589 74943 74943
61 97443 34479 62964 62964
62 96642 24669 71973 71973
63 97731 13779 83952 83952
64 98532 23589 74943 74943
65 97443 34479 62964 62964
66 96642 24669 71973 71973
67 97731 13779 83952 83952
68 98532 23589 74943 74943
69 97443 34479 62964 62964
70 96642 24669 71973 71973
71 97731 13779 83952 83952
72 98532 23589 74943 74943
73 97443 34479 62964 62964
74 96642 24669 71973 71973
75 97731 13779 83952 83952
76 98532 23589 74943 74943
77 97443 34479 62964 62964
78 96642 24669 71973 71973
79 97731 13779 83952 83952
80 98532 23589 74943 74943
81 97443 34479 62964 62964
82 96642 24669 71973 71973
83 97731 13779 83952 83952
84 98532 23589 74943 74943
85 97443 34479 62964 62964
86 96642 24669 71973 71973
87 97731 13779 83952 83952
88 98532 23589 74943 74943
89 97443 34479 62964 62964
90 96642 24669 71973 71973
91 97731 13779 83952 83952
92 98532 23589 74943 74943
93 97443 34479 62964 62964
94 96642 24669 71973 71973
95 97731 13779 83952 83952
96 98532 23589 74943 74943
97 97443 34479 62964 62964
98 96642 24669 71973 71973
99 97731 13779 83952 83952
100 98532 23589 74943 74943
101 97443 34479 62964 62964
102 96642 24669 71973 71973
103 97731 13779 83952 83952
104 98532 23589 74943 74943
105 97443 34479 62964 62964
106 96642 24669 71973 71973
107 97731 13779 83952 83952
108 98532 23589 74943 74943
109 97443 34479 62964 62964
110 96642 24669 71973 71973
111 97731 13779 83952 83952
112 98532 23589 74943 74943
113 97443 34479 62964 62964
114 96642 24669 71973 71973
115 97731 13779 83952 83952
116 98532 23589 74943 74943
117 97443 34479 62964 62964
118 96642 24669 71973 71973
119 97731 13779 83952 83952
120 98532 23589 74943 74943
121 97443 34479 62964 62964
122 96642 24669 71973 71973
123 97731 13779 83952 83952
124 98532 23589 74943 74943
125 97443 34479 62964 62964
126 96642 24669 71973 71973
127 97731 13779 83952 83952
128 98532 23589 74943 74943
129 97443 34479 62964 62964
130 96642 24669 71973 71973
131 97731 13779 83952 83952
132 98532 23589 74943 74943
133 97443 34479 62964 62964
134 96642 24669 71973 71973
135 97731 13779 83952 83952
136 98532 23589 74943 74943
137 97443 34479 62964 62964
138 96642 24669 71973 71973
139 97731 13779 83952 83952
140 98532 23589 74943 74943
141 97443 34479 62964 62964
142 96642 24669 71973 71973
143 97731 13779 83952 83952
144 98532 23589 74943 74943
145 97443 34479 62964 62964
146 96642 24669 71973 71973
147 97731 13779 83952 83952
148 98532 23589 74943 74943
149 97443 34479 62964 62964
150 96642 24669 71973 71973
151 97731 13779 83952 83952
152 98532 23589 74943 74943
153 97443 34479 62964 62964
154 96642 24669 71973 71973
155 97731 13779 83952 83952
156 98532 23589 74943 74943
157 97443 34479 62964 62964
158 96642 24669 71973 71973
159 97731 13779 83952 83952
160 98532 23589 74943 74943
161 97443 34479 62964 62964
162 96642 24669 71973 71973
163 97731 13779 83952 83952
164 98532 23589 74943 74943
165 97443 34479 62964 62964
166 96642 24669 71973 71973
167 97731 13779 83952 83952
168 98532 23589 74943 74943
169 97443 34479 62964 62964
170 96642 24669 71973 71973
171 97731 13779 83952 83952
172 98532 23589 74943 74943
173 97443 34479 62964 62964
174 96642 24669 71973 71973
175 97731 13779 83952 83952
176 98532 23589 74943 74943
177 97443 34479 62964 62964
178 96642 24669 71973 71973
179 97731 13779 83952 83952
180 98532 23589 74943 74943
181 97443 34479 62964 62964
182 96642 24669 71973 71973
183 97731 13779 83952 83952
184 98532 23589 74943 74943
185 97443 34479 62964 62964
186 96642 24669 71973 71973
187 97731 13779 83952 83952
188 98532 23589 74943 74943
189 97443 34479 62964 62964
190 96642 24669 71973 71973
191 97731 13779 83952 83952
192 98532 23589 74943 74943
193 97443 34479 62964 62964
194 96642 24669 71973 71973
195 97731 13779 83952 83952
196 98532 23589 74943 74943
197 97443 34479 62964 62964
198 96642 24669 71973 71973
199 97731 13779 83952 83952
200 98532 23589 74943 74943
201 97443 34479 62964 62964
202 96642 24669 71973 71973
203 97731 13779 83952 83952
204 98532 23589 74943 74943
205 97443 34479 62964 62964
206 96642 24669 71973 71973
207 97731 13779 83952 83952
208 98532 23589 74943 74943
209 97443 34479 62964 62964
210 96642 24669 71973 71973
211 97731 13779 83952 83952
212 98532 23589 74943 74943
213 97443 34479 62964 62964
214 96642 24669 71973 71973
215 97731 13779 83952 83952
216 98532 23589 74943 74943
217 97443 34479 62964 62964
218 96642 24669 71973 71973
219 97731 13779 83952 83952
220 98532 23589 74943 74943
221 97443 34479 62964 62964
222 96642 24669 71973 71973
223 97731 13779 83952 83952
224 98532 23589 74943 74943
225 97443 34479 62964 62964
226 96642 24669 71973 71973
227 97731 13779 83952 83952
228 98532 23589 74943 74943
229 97443 34479 62964 62964
230 96642 24669 71973 71973
231 97731 13779 83952 83952
232 98532 23589 74943 74943
233 97443 34479 62964 62964
234 96642 24669 71973 71973
235 97731 13779 83952 83952
236 98532 23589 74943 74943
237 97443 34479 62964 62964
238 96642 24669 71973 71973
239 97731 13779 83952 83952
240 98532 23589 74943 74943
241 97443 34479 62964 62964
242 96642 24669 71973 71973
243 97731 13779 83952 83952
244 98532 23589 74943 74943
245 97443 34479 62964 62964
246 96642 24669 71973 71973
247 97731 13779 83952 83952
248 98532 23589 74943 74943
249 97443 34479 62964 62964
250 96642 24669 71973 71973
251 97731 13779 83952 83952
252 98532 23589 74943 74943
253 97443 34479 62964 62964
254 96642 24669 71973 71973
255 97731 13779 83952 83952
256 98532 23589 74943 74943
257 97443 34479 62964 62964
258 96642 24669 71973 71973
259 97731 13779 83952 83952
260 98532 23589 74943 74943
261 97443 34479 62964 62964
262 96642 24669 71973 71973
263 97731 13779 83952 83952
264 98532 23589 74943 74943
265 97443 34479 62964 62964
266 96642 24669 71973 71973
267 97731 13779 83952 83952
268 98532 23589 74943 74943
269 97443 34479 62964 62964
270 96642 24669 71973 71973
271 97731 13779 83952 83952
272 98532 23589 74943 74943
273 97443 34479 62964 62964
274 96642 24669 71973 71973
275 97731 13779 83952 83952
276 98532 23589 74943 74943
277 97443 34479 62964 62964
278 96642 24669 71973 71973
279 97731 13779 83952 83952
280 98532 23589 74943 74943
281 97443 34479 62964 62964
282 96642 24669 71973 71973
283 97731 13779 83952 83952
284 98532 23589 74943 74943
285 97443 34479 62964 62964
286 96642 24669 71973 71973
287 97731 13779 83952 83952
288 98532 23589 74943 74943
289 97443 34479 62964 62964
290 96642 24669 71973 71973
291 97731 13779 83952 83952
292 98532 23589 74943 74943
293 97443 34479 62964 62964
294 96642 24669 71973 71973
295 97731 13779 83952 83952
296 98532 23589 74943 74943
297 97443 34479 62964 62964
298 96642 24669 71973 71973
299 97731 13779 83952 83952
300 98532 23589 74943 74943
301 97443 34479 62964 62964
302 96642 24669 71973 71973
303 97731 13779 83952 83952
304 98532 23589 74943 74943
305 97443 34479 62964 62964
306 96642 24669 71973 71973
307 97731 13779 83952 83952
308 98532 23589 74943 74943
309 97443 34479 62964 62964
310 96642 24669 71973 71973
311 97731 13779 83952 83952
312 98532 23589 74943 74943
313 97443 34479 62964 62964
314 96642 24669 71973 71973
315 97731 13779 83952 83952
316 98532 23589 74943 74943
317 97443 34479 62964 62964
318 96642 24669 71973 71973
319 97731 13779 83952 83952
320 98532 23589 74943 74943
321 97443 34479 62964 62964
322 96642 24669 71973 71973
323 97731 13779 83952 83952
324 98532 23589 74943 74943
325 97443 34479 62964 62964
326 96642 24669 71973 71973
327 97731 13779 83952 83952
328 98532 23589 74943 74943
329 97443 34479 62964 62964
330 96642 24669 71973 71973
331 97731 13779 83952 83952
332 98532 23589 74943 74943
333 97443 34479 62964 62964
334 96642 24669 71973 71973
335 97731 13779 83952 83952
336 98532 23589 74943 74943
337 97443 34479 62964 62964
338 96642 24669 71973 71973
339 97731 13779 83952 83952
340 98532 23589 74943 74943
341 97443 34479 62964 62964
342 96642 24669 71973 71973
343 97731 13779 83952 83952
344 98532 23589 74943 74943
345 97443 34479 62964 62964
346 96642 24669 71973 71973
347 97731 13779 83952 83952
348 98532 23589 74943 74943
349 97443 34479 62964 62964
350 96642 24669 71973 71973
351 97731 13779 83952 83952
352 98532 23589 74943 74943
353 97443 34479 62964 62964
354 96642 24669 71973 71973
355 97731 13779 83952 83952
356 98532 23589 74943 74943
357 97443 34479 62964 62964
358 96642 24669 71973 71973
359 97731 13779 83952 83952
360 98532 23589 74943 74943
361 97443 34479 62964 62964
362 96642 24669 71973 71973
363 97731 13779 83952 83952
364 98532 23589 74943 74943
365 97443 34479 62964 62964
366 96642 24669 71973 71973
367 97731 13779 83952 83952
368 98532 23589 74943 74943
369 97443 34479 62964 62964
370 96642 24669 71973 71973
371 97731 13779 83952 83952
372 98532 23589 74943 74943
373 97443 34479 62964 62964
374 96642 24669 71973 71973
375 97731 13779 83952 83952
376 98532 23589 74943 74943
377 97443 34479 62964 62964
378 96642 24669 71973 71973
379 97731 13779 83952 83952
380 98532 23589 74943 74943
381 97443 34479 62964 62964
382 96642 24669 71973 71973
383 97731 13779 83952 83952
384 98532 23589 74943 74943
385 97443 34479 62964 62964
386 96642 24669 71973 71973
387 97731 13779 83952 83952
388 98532 23589 74943 74943
389 97443 34479 62964 62964
390 96642 24669 71973 71973
391 97731 13779 83952 83952
392 98532 23589 74943 74943
393 97443 34479 62964 62964
394 96642 24669 71973 71973
395 97731 13779 83952 83952
396 98532 23589 74943 74943
397 97443 34479 62964 62964
398 96642 24669 71973 71973
399 97731 13779 83952 83952
400 98532 23589 74943 74943
401 97443 34479 62964 62964
402 96642 24669 71973 71973
403 97731 13779 83952 83952
404 98532 23589 74943 74943
405 97443 34479 62964 62964
406 96642 24669 71973 71973
407 97731 13779 83952 83952
408 98532 23589 74943 74943
409 97443 34479 62964 62964
410 96642 24669 71973 71973
411 97731 13779 83952 83952
412 98532 23589 74943 74943
413 97443 34479 62964 62964
414 96642 24669 71973 71973
415 97731 13779 83952 83952
416 98532 23589 74943 74943
417 97443 34479 62964 62964
418 96642 24669 71973 71973
419 97731 13779 83952 83952
420 98532 23589 74943 74943
421 97443 34479 62964 62964
422 96642 24669 71973 71973
423 97731 13779 83952 83952
424 98532 23589 74943 74943
425 97443 34479 62964 62964
426 96642 24669 71973 71973
427 97731 13779 83952 83952
428 98532 23589 74943 74943
429 97443 34479 62964 62964
430 96642 24669 71973 71973
431 97731 13779 83952 83952
432 98532 23589 74943 74943
433 97443 34479 62964 62964
434 96642 24669 71973 71973
435 97731 13779 83952 83952
436 98532 23589 74943 74943
437 97443 34479 62964 62964
438 96642 24669 71973 71973
439 97731 13779 83952 83952
440 98532 23589 74943 74943
441 97443 34479 62964 62964
442 96642 24669 71973 71973
443 97731 13779 83952 83952
444 98532 23589 74943 74943
445 97443 34479 62964 62964
446 96642 24669 71973 71973
447 97731 13779 83952 83952
448 98532 23589 74943 74943
449 97443 34479 62964 62964
450 96642 24669 71973 71973
451 97731 13779 83952 83952
452 98532 23589 74943 74943
453 97443 34479 62964 62964
454 96642 24669 71973 71973
455 97731 13779 83952 83952
456 98532 23589 74943 74943
457 97443 34479 62964 62964
458 96642 24669 71973 71973
459 97731 13779 83952 83952
460 98532 23589 74943 74943
461 97443 34479 62964 62964
462 96642 24669 71973 71973
463 97731 13779 83952 83952
464 98532 23589 74943 74943
465 97443 34479 62964 62964
466 96642 24669 71973 71973
467 97731 13779 83952 83952
468 98532 23589 74943 74943
469 97443 34479 62964 62964
470 96642 24669 71973 71973
471 97731 13779 83952 83952
472 98532 23589 74943 74943
473 97443 34479 62964 62964
474 96642 24669 71973 71973
475 97731 13779 83952 83952
476 98532 23589 74943 74943
477 97443 34479 62964 62964
478 96642 24669 71973 71973
479 97731 13779 83952 83952
480 98532 23589 74943 74943
481 97443 34479 62964 62964
482 96642 24669 71973 71973
483 97731 13779 83952 83952
484 98532 23589 74943 74943
485 97443 34479 62964 62964
486 96642 24669 71973 71973
487 97731 13779 83952 83952
488 98532 23589 74943 74943
489 97443 34479 62964 62964
490 96642 24669 71973 71973
491 97731 13779 83952 83952
492 98532 23589 74943 74943
493 97443 34479 62964 62964
494 96642 24669 71973 71973
495 97731 13779 83952 83952
496 98532 23589 74943 74943
497 97443 34479 62964 62964
498 96642 24669 71973 71973
499 97731 13779 83952 83952
500 98532 23589 74943 74943
501 97443 34479 62964 62964
502 96642 24669 71973 71973
503 97731 13779 83952 83952
504 98532 23589 74943 74943
505 97443 34479 62964 62964
506 96642 24669 71973 71973
507 97731 13779 83952 83952
508 98532 23589 74943 74943
509 97443 34479 62964 62964
510 96642 24669 71973 71973
511 97731 13779 83952 83952
512 98532 23589 74943 74943
513 97443 34479 62964 62964
514 96642 24669 71973 71973
515 97731 13779 83952 83952
516 98532 23589 74943 74943
517 97443 34479 62964 62964
518 96642 24669 71973 71973
519 97731 13779 83952 83952
520 98532 23589 74943 74943
521 97443 34479 62964 62964
522 96642 24669 71973 71973
523 97731 13779 83952 83952
524 98532 23589 74943 74943
525 97443 34479 62964 62964
526 96642 24669 71973 71973
527 97731 13779 83952 83952
528 98532 23589 74943 74943
529 97443 34479 62964 62964
530 96642 24669 71973 71973
531 97731 13779 83952 83952
532 98532 23589 74943 74943
533 97443 34479 62964 62964
534 96642 24669 71973 71973
535 97731 13779 83952 83952
536 98532 23589 74943 74943
537 97443 34479 62964 62964
538 96642 24669 71973 71973
539 97731 13779 83952 83952
540 98532 23589 74943 74943
541 97443 34479 62964 62964
542 96642 24669 71973 71973
543 97731 13779 83952 83952
544 98532 23589 74943 74943
545 97443 34479 62964 62964
546 96642 24669 71973 71973
547 97731 13779 83952 83952
548 98532 23589 74943 74943
549 97443 34479 62964 62964
550 96642 24669 71973 71973
551 97731 13779 83952 83952
552 98532 23589 74943 74943
553 97443 34479 62964 62964
554 96642 24669 71973 71973
555 97731 13779 83952 83952
556 98532 23589 74943 74943
557 97443 34479 62964 62964
558 96642 24669 71973 71973
559 97731 13779 83952 83952
560 98532 23589 74943 74943
561 97443 34479 62964 62964
562 96642 24669 71973 71973
563 97731 13779 83952 83952
564 98532 23589 74943 74943
565 97443 34479 62964 62964
566 96642 24669 71973 71973
567 97731 13779 83952 83952
568 98532 23589 74943 74943
569 97443 34479 62964 62964
570 96642 24669 71973 71973
571 97731 13779 83952 83952
572 98532 23589 74943 74943
573 97443 34479 62964 62964
574 96642 24669 71973 71973
575 97731 13779 83952 83952
576 98532 23589 74943 74943
577 97443 34479 62964 62964
578 96642 24669 71973 71973
579 97731 13779 83952 83952
580 98532 23589 74943 74943
581 97443 34479 62964 62964
582 96642 24669 71973 71973
583 97731 13779 83952 83952
584 98532 23589 74943 74943
585 97443 34479 62964 62964
586 96642 24669 71973 71973
587 97731 13779 83952 83952
588 98532 23589 74943 74943
589 97443 34479 62964 62964
590 96642 24669 71973 71973
591 97731 13779 83952 83952
592 98532 23589 74943 74943
593 97443 34479 62964 62964
594 96642 24669 71973 71973
595 97731 13779 83952 83952
596 98532 23589 74943 74943
597 97443 34479 62964 62964
598 96642 24669 71973 71973
599 97731 13779 83952 83952
600 98532 23589 74943 74943
601 97443 34479 62964 62964
602 96642 24669 71973 71973
603 97731 13779 83952 83952
604 98532 23589 74943 74943
605 97443 34479 62964 62964
606 96642 24669 71973 71973
607 97731 13779 83952 83952
608 98532 23589 74943 74943
609 97443 34479 62964 62964
610 96642 24669 71973 71973
611 97731 13779 83952 83952
612 98532 23589 74943 74943
613 97443 34479 62964 62964
614 96642 24669 71973 71973
615 97731 13779 83952 83952
616 98532 23589 74943 74943
617 97443 34479 62964 62964
618 96642 24669 71973 71973
619 97731 13779 83952 83952
620 98532 23589 74943 74943
621 97443 34479 62964 62964
622 96642 24669 71973 71973
623 97731 13779 83952 83952
624 98532 23589 74943 74943
625 97443 34479 62964 62964
626 96642 24669 71973 71973
627 97731 13779 83952 83952
628 98532 23589 74943 74943
629 97443 34479 62964 62964
630 96642 24669 71973 71973
631 97731 13779 83952 83952
632 98532 23589 74943 74943
633 97443 34479 62964 62964
634 96642 24669 71973 71973
635 97731 13779 83952 83952
636 98532 23589 74943 74943
637 97443 34479 62964 62964
638 96642 24669 71973 71973
639 97731 13779 83952 83952
640 98532 23589 74943 74943
641 97443 34479 62964 62964
642 96642 24669 71973 71973
643 97731 13779 83952 83952
644 98532 23589 74943 74943
645 97443 34479 62964 62964
646 96642 24669 71973 71973
647 97731 13779 83952 83952
648 98532 23589 74943 74943
649 97443 34479 62964 62964
650 96642 24669 71973 71973
651 97731 13779 83952 83952
652 98532 23589 74943 74943
653 97443 34479 62964 62964
654 96642 24669 71973 71973
655 97731 13779 83952 83952
656 98532 23589 74943 74943
657 97443 34479 62964 62964
658 96642 24669 71973 71973
659 97731 13779 83952 83952
660 98532 23589 74943 74943
661 97443 34479 62964 62964
662 96642 24669 71973 71973
663 97731 13779 83952 83952
664 98532 23589 74943 74943
665 97443 34479 62964 62964
666 96642 24669 71973 71973
667 97731 13779 83952 83952
668 98532 23589 74943 74943
669 97443 34479 62964 62964
670 96642 24669 71973 71973
671 97731 13779 83952 83952
672 98532 23589 74943 74943
673 97443 34479 62964 62964
674 96642 24669 71973 71973
675 97731 13779 83952 83952
676 98532 23589 74943 74943
677 97443 34479 62964 62964
678 96642 24669 71973 71973
679 97731 13779 83952 83952
680 98532 23589 74943 74943
681 97443 34479 62964 62964
682 96642 24669 71973 71973
683 97731 13779 83952 83952
684 98532 23589 74943 74943
685 97443 34479 62964 62964
686 96642 24669 71973 71973
687 97731 13779 83952 83952
688 98532 23589 74943 74943
689 97443 34479 62964 62964
690 96642 24669 71973 71973
691 97731 13779 83952 83952
692 98532 23589 74943 74943
693 97443 34479 62964 62964
694 96642 24669 71973 71973
695 97731 13779 83952 83952
696 98532 23589 74943 74943
697 97443 34479 62964 62964
698 96642 24669 71973 71973
699 97731 13779 83952 83952
700 98532 23589 74943 74943
701 97443 34479 62964 62964
702 96642 24669 71973 71973
703 97731 13779 83952 83952
704 98532 23589 74943 74943
705 97443 34479 62964 62964
706 96642 24669 71973 71973
707 97731 13779 83952 83952
708 98532 23589 74943 74943
709 97443 34479 62964 62964
710 96642 24669 71973 71973
711 97731 13779 83952 83952
712 98532 23589 74943 74943
713 97443 34479 62964 62964
714 96642 24669 71973 71973
715 97731 13779 83952 83952
716 98532 23589 74943 74943
717 97443 34479 62964 62964
718 96642 24669 71973 71973
719 97731 13779 83952 83952
720 98532 23589 74943 74943
721 97443 34479 62964 62964
722 96642 24669 71973 71973
723 97731 13779 83952 83952
724 98532 23589 74943 74943
725 97443 34479 62964 62964
726 96642 24669 71973 71973
727 97731 13779 83952 83952
728 98532 23589 74943 74943
729 97443 34479 62964 62964
730 96642 24669 71973 71973
731 97731 13779 83952 83952
732 98532 23589 74943 74943
733 97443 34479 62964 62964
734 96642 24669 71973 71973
735 97731 13779 83952 83952
736 98532 23589 74943 74943
737 97443 34479 62964 62964
738 96642 24669 71973 71973
739 97731 13779 83952 83952
740 98532 23589 74943 74943
741 97443 34479 62964 62964
742 96642 24669 71973 71973
743 97731 13779 83952 83952
744 98532 23589 74943 74943
745 97443 34479 62964 62964
746 96642 24669 71973 71973
747 97731 13779 83952 83952
748 98532 23589 74943 74943
749 97443 34479 62964 62964
750 96642 24669 71973 71973
751 97731 13779 83952 83952
752 98532 23589 74943 74943
753 97443 34479 62964 62964
754 96642 24669 71973 71973
755 97731 13779 83952 83952
756 98532 23589 74943 74943
757 97443 34479 62964 62964
758 96642 24669 71973 71973
759 97731 13779 83952 83952
760 98532 23589 74943 74943
761 97443 34479 62964 62964
762 96642 24669 71973 71973
763 97731 13779 83952 83952
764 98532 23589 74943 74943
765 97443 34479 62964 62964
766 96642 24669 71973 71973
767 97731 13779 83952 83952
768 98532 23589 74943 74943
769 97443 34479 62964 62964
770 96642 24669 71973 71973
771 97731 13779 83952 83952
772 98532 23589 74943 74943
773 97443 34479 62964 62964
774 96642 24669 71973 71973
775 97731 13779 83952 83952
776 98532 23589 74943 74943
777 97443 34479 62964 62964
778 96642 24669 71973 71973
779 97731 13779 83952 83952
780 98532 23589 74943 74943
781 97443 34479 62964 62964
782 96642 24669 71973 71973
783 97731 13779 83952 83952
784 98532 23589 74943 74943
785 97443 34479 62964 62964
786 96642 24669 71973 71973
787 97731 13779 83952 83952
788 98532 23589 74943 74943
789 97443 34479 62964 62964
790 96642 24669 71973 71973
791 97731 13779 83952 83952
792 98532 23589 74943 74943
793 97443 34479 62964 62964
794 96642 24669 71973 71973
795 97731 13779 83952 83952
796 98532 23589 74943 74943
797 97443 34479 62964 62964
798 96642 24669 71973 71973
799 97731 13779 83952 83952
800 98532 23589 74943 74943
801 97443 34479 62964 62964
802 96642 24669 71973 71973
803 97731 13779 83952 83952
804 98532 23589 74943 74943
805 97443 34479 62964 62964
806 96642 24669 71973 71973
807 97731 13779 83952 83952
808 98532 23589 74943 74943
809 97443 34479 62964 62964
810 96642 24669 71973 71973
811 97731 13779 83952 83952
812 98532 23589 74943 74943
813 97443 34479 62964 62964
814 96642 24669 71973 71973
815 97731 13779 83952 83952
816 98532 23589 74943 74943
817 97443 34479 62964 62964
818 96642 24669 71973 71973
819 97731 13779 83952 83952
820 98532 23589 74943 74943
821 97443 34479 62964 62964
822 96642 24669 71973 71973
823 97731 13779 83952 83952
824 98532 23589 74943 74943
825 97443 34479 62964 62964
826 96642 24669 71973 71973
827 97731 13779 83952 83952
828 98532 23589 74943 74943
829 97443 34479 62964 62964
830 96642 24669 71973 71973
831 97731 13779 83952 83952
832 98532 23589 74943 74943
833 97443 34479 62964 62964
834 96642 24669 71973 71973
835 97731 13779 83952 83952
836 98532 23589 74943 74943
837 97443 34479 62964 62964
838 96642 24669 71973 71973
839 97731 13779 83952 83952
840 98532 23589 74943 74943
841 97443 34479 62964 62964
842 96642 24669 71973 71973
843 97731 13779 83952 83952
844 98532 23589 74943 74943
845 97443 34479 62964 62964
846 96642 24669 71973 71973
847 97731 13779 83952 83952
848 98532 23589 74943 74943
849 97443 34479 62964 62964
850 96642 24669 71973 71973
851 97731 13779 83952 83952
852 98532 23589 74943 74943
853 97443 34479 62964 62964
854 96642 24669 71973 71973
855 97731 13779 83952 83952
856 98532 23589 74943 74943
857 97443 34479 62964 62964
858 96642 24669 71973 71973
859 97731 13779 83952 83952
860 98532 23589 74943 74943
861 97443 34479 62964 62964
862 96642 24669 71973 71973
863 97731 13779 83952 83952
864 98532 23589 74943 74943
865 97443 34479 62964 62964
866 96642 24669 71973 71973
867 97731 13779 83952 83952
868 98532 23589 74943 74943
869 97443 34479 62964 62964
870 96642 24669 71973 71973
871 97731 13779 83952 83952
872 98532 23589 74943 74943
873 97443 34479 62964 62964
874 96642 24669 71973 71973
875 97731 13779 83952 83952
876 98532 23589 74943 74943
877 97443 34479 62964 62964
878 96642 24669 71973 71973
879 97731 13779 83952 83952
880 98532 23589 74943 74943
881 97443 34479 62964 62964
882 96642 24669 71973 71973
883 97731 13779 83952 83952
884 98532 23589 74943 74943
885 97443 34479 62964 62964
886 96642 24669 71973 71973
887 97731 13779 83952 83952
888 98532 23589 74943 74943
889 97443 34479 62964 62964
890 96642 24669 71973 71973
891 97731 13779 83952 83952
892 98532 23589 74943 74943
893 97443 34479 62964 62964
894 96642 24669 71973 71973
895 97731 13779 83952 83952
896 98532 23589 74943 74943
897 97443 34479 62964 62964
898 96642 24669 71973 71973
899 97731 13779 83952 83952
900 98532 23589 74943 74943
901 97443 34479 62964 62964
902 96642 24669 71973 71973
903 97731 13779 83952 83952
904 98532 23589 74943 74943
905 97443 34479 62964 62964
906 96642 24669 71973 71973
907 97731 13779 83952 83952
908 98532 23589 74943 74943
909 97443 34479 62964 62964
910 96642 24669 71973 71973
911 97731 13779 83952 83952
912 98532 23589 74943 74943
913 97443 34479 62964 62964
914 96642 24669 71973 71973
915 97731 13779 83952 83952
916 98532 23589 74943 74943
917 97443 34479 62964 62964
918 96642 24669 71973 71973
919 97731 13779 83952 83952
920 98532 23589 74943 74943
921 97443 34479 62964 62964
922 96642 24669 71973 71973
923 97731 13779 83952 83952
924 98532 23589 74943 74943
925 97443 34479 62964 62964
926 96642 24669 71973 71973
927 97731 13779 83952 83952
928 98532 23589 74943 74943
929 97443 34479 62964 62964
930 96642 24669 71973 71973
931 97731 13779 83952 83952
932 98532 23589 74943 74943
933 97443 34479 62964 62964
934 96642 24669 71973 71973
935 97731 13779 83952 83952
936 98532 23589 74943 74943
937 97443 34479 62964 62964
938 96642 24669 71973 71973
939 97731 13779 83952 83952
940 98532 23589 74943 74943
941 97443 34479 62964 62964
942 96642 24669 71973 71973
943 97731 13779 83952 83952
944 98532 23589 74943 74943
945 97443 34479 62964 62964
946 96642 24669 71973 71973
947 97731 13779 83952 83952
948 98532 23589 74943 74943
949 97443 34479 62964 62964
950 96642 24669 71973 71973
951 97731 13779 83952 83952
952 98532 23589 74943 74943
953 97443 34479 62964 62964
954 96642 24669 71973 71973
955 97731 13779 83952 83952
956 98532 23589 74943 74943
957 97443 34479 62964 62964
958 96642 24669 71973 71973
959 97731 13779 83952 83952
960 98532 23589 74943 74943
961 97443 34479 62964 62964
962 96642 24669 71973 71973
963 97731 13779 83952 83952
964 98532 23589 74943 74943
965 97443 34479 62964 62964
966 96642 24669 71973 71973
967 97731 13779 83952 83952
968 98532 23589 74943 74943
969 97443 34479 62964 62964
970 96642 24669 71973 71973
971 97731 13779 83952 83952
972 98532 23589 74943 74943
973 97443 34479 62964 62964
974 96642 24669 71973 71973
975 97731 13779 83952 83952
976 98532 23589 74943 74943
977 97443 34479 62964 62964
978 96642 24669 71973 71973
979 97731 13779 83952 83952
980 98532 23589 74943 74943
981 97443 34479 62964 62964
982 96642 24669 71973 71973
983 97731 13779 83952 83952
984 98532 23589 74943 74943
985 97443 34479 62964 62964
986 96642 24669 71973 71973
987 97731 13779 83952 83952
988 98532 23589 74943 74943
989 97443 34479 62964 62964
990 96642 24669 71973 71973
991 97731 13779 83952 83952
992 98532 23589 74943 74943
993 97443 34479 62964 62964
994 96642 24669 71973 71973
